0
0
-2.7977620220553945e-14
0
8.2156503822261584e-15
0
1.9317880628477724e-14
0
-1.1213252548714081e-14
0
-1.4432899320127035e-15
0
-1.9984014443252818e-15
0
9.8809849191638932e-15
0
-1.1990408665951691e-14
0
1.0769163338864018e-14
0
-3.219646771412954e-15
0
-2.2204460492503131e-15
0
-3.219646771412954e-15
0
2.2204460492503131e-16
0
-6.5503158452884236e-15
0
2.4202861936828413e-14
0
-3.0531133177191805e-14
0
0
-1.609823385706477e-14
5.1417551240165266e-14
-6.6613381477509392e-16
-1.281481874417846e-14
-1.6653345369377348e-15
-1.8825392867406277e-14
1.1102230246251565e-16
1.0927439602315644e-14
8.1046280797636427e-15
-2.9896311238037258e-15
-8.1046280797636427e-15
1.0261305787540384e-14
9.5479180117763462e-15
-1.3790106338288358e-14
-5.8841820305133297e-15
7.3725900890649602e-15
9.1038288019262836e-15
1.8024058019029581e-15
-2.1649348980190553e-14
3.4337203336538129e-15
8.4376949871511897e-15
-1.3734881334615169e-14
7.7715611723760958e-15
1.8207085308736543e-14
-9.4368957093138306e-15
-4.0759410203763824e-15
6.5503158452884236e-15
1.3003834588135325e-15
6.7723604502134549e-15
-1.7968526323326533e-14
-3.4416913763379853e-14
2.4582038214972265e-14
0
0
5.9952043329758453e-15
-3.4416913763379853e-15
3.3306690738754696e-16
-4.1078251911130792e-15
1.0673510826653841e-14
4.3298697960381105e-15
-7.5016903113459132e-15
-1.1102230246251565e-15
4.7597338058682762e-16
5.440092820663267e-15
2.2836420956077067e-15
-3.1086244689504383e-15
-8.9051250299376915e-15
-1.1102230246251565e-16
1.0001541803644531e-14
-9.9920072216264089e-16
-7.2121779911634081e-15
8.8817841970012523e-16
6.4031377031889479e-15
2.4424906541753444e-15
-2.8546956932886191e-15
-2.886579864025407e-15
-2.5056867005327522e-15
-2.886579864025407e-15
7.7237349162709508e-15
4.2188474935755949e-15
-1.2259707231865659e-14
7.7715611723760958e-16
6.6453960623825581e-15
6.6613381477509392e-16
1.5208910847131785e-14
3.9968028886505635e-15
0
0
-6.7723604502134549e-15
-2.7755575615628914e-15
1.2656542480726785e-14
-4.7739590058881731e-15
-1.1990408665951691e-14
4.9960036108132044e-15
1.4432899320127035e-15
-2.55351295663786e-15
1.7763568394002505e-15
3.9968028886505635e-15
-1.2212453270876722e-15
-2.55351295663786e-15
-2.1094237467877974e-15
0
-1.1102230246251565e-15
3.8857805861880479e-15
5.5511151231257827e-16
-3.219646771412954e-15
7.7715611723760958e-16
9.9920072216264089e-16
-1.8873791418627661e-15
-8.8817841970012523e-16
4.3298697960381105e-15
-2.55351295663786e-15
2.886579864025407e-15
4.8849813083506888e-15
1.2212453270876722e-15
-5.5511151231257827e-16
2.4424906541753444e-15
-3.3306690738754696e-15
-1.3988810110276972e-14
6.3282712403633923e-15
0
0
1.7937214447706215e-14
-1.1768364061026659e-14
-1.4638429544567631e-14
-4.5519144009631418e-15
1.7874018401349198e-14
1.5432100042289676e-14
-4.980061525444817e-15
2.2204460492503131e-15
-3.6477938958946505e-15
2.3314683517128287e-15
-2.2045039638819493e-15
-7.5495165674510645e-15
4.0759410203763367e-15
-2.2204460492503131e-15
3.7588161983571653e-15
-4.4408920985006262e-16
-1.3279959606500697e-16
-5.5511151231257827e-16
-3.6993195257838229e-15
4.5519144009631418e-15
5.391694269442151e-16
-3.5527136788005009e-15
4.2268185362597807e-15
-8.8817841970012523e-16
-4.8690392229823116e-15
8.8817841970012523e-16
-7.5016903113459322e-15
-1.1324274851176597e-14
1.1102230246251565e-15
1.5765166949677223e-14
2.1299767692318684e-14
-3.1641356201816961e-14
0
0
-1.6986412276764895e-14
1.3227023783291721e-14
1.0658141036401503e-14
-3.0135442518563073e-15
6.9944050551384862e-15
-1.7191942501205374e-14
-1.6653345369377348e-15
5.7105359768095032e-16
-2.1094237467877974e-15
-4.3611816716586969e-16
1.1102230246251565e-16
6.311589280238209e-14
1.3322676295501878e-14
3.298242590513731e-12
1.6286971771251046e-13
4.2310232953847253e-12
-9.8920871494101448e-14
-6.9295542242494589e-12
-7.7049477908985864e-14
-6.5594737545037909e-13
-1.2212453270876722e-15
-2.9976021664879227e-15
-3.7747582837255322e-15
5.0751417425389989e-15
7.6605388699135801e-15
-4.6469946180572795e-15
-1.4432899320127035e-15
1.4543349327473451e-14
-3.8857805861880479e-15
-8.2310201724783463e-15
-9.6589403142388619e-15
4.9794892303285339e-15
0
0
2.1156861219119387e-14
8.8817841970012523e-16
-1.4638429544567549e-14
-2.4424906541753444e-15
1.1261651099935041e-15
2.7755575615628914e-15
1.7444726686635328e-15
-3.6637359812630166e-15
9.2939892361145953e-15
3.1641356201816961e-14
3.3259633224595955e-11
4.5946801918717028e-11
1.0052169430174729e-08
2.6777661199517411e-09
1.0666890255613905e-07
3.4378391244871409e-09
-6.5142788518563194e-08
-5.6293336658796989e-09
-5.0740353926470225e-08
-5.3049342696454005e-10
-8.7063335913945433e-10
-1.7557066911422226e-12
-5.5935427293420647e-13
1.1102230246251565e-15
-8.0408597382901798e-15
-3.219646771412954e-15
3.219646771412954e-15
5.2180482157382357e-15
-4.5519144009631418e-15
8.8817841970012523e-16
1.8667116603955054e-14
-1.27675647831893e-14
0
0
2.6978419498391304e-14
-8.8817841970012523e-15
8.4376949871511897e-15
-1.8873791418627661e-15
-6.8833827526759706e-15
4.8849813083506888e-15
4.4408920985006262e-16
1.6542323066914832e-14
6.6990857305881946e-13
7.4655348569763191e-10
5.2794960625490717e-09
1.1575149255760309e-06
1.5954946221974353e-06
6.7459596697516666e-05
1.6930639214596255e-05
8.6607712685426996e-05
-1.033955533535913e-05
-0.00014181692433890003
-8.0535810405013564e-06
-1.3364418043781967e-05
-1.3818849686764167e-07
-4.4222927764181463e-08
-8.9123930457901679e-11
-5.5715432267788856e-12
-1.2212453270876722e-15
1.5543122344752192e-15
-5.8841820305133297e-15
3.9968028886505635e-15
-4.5519144009631418e-15
-5.1070259132757201e-15
1.8540724511240114e-14
-6.7723604502134549e-15
0
0
-1.4606545373830569e-14
1.2878587085651816e-14
-4.7261327497830424e-15
3.7747582837255322e-15
-7.930982026059623e-16
-2.886579864025407e-15
2.886579864025407e-15
5.7254201379919323e-13
6.3976793720355906e-10
2.3154968609162552e-08
5.0787798860599603e-06
3.5901277797178999e-05
0.0015348359335355388
0.0020923148970865002
0.016286957706937139
0.0026862094694426464
-0.0099464585075626916
-0.0043985685947939279
-0.0077473940678745024
-0.00041450842182488845
-0.0001329347446764606
-1.3716104676486651e-06
-8.5737906092165522e-08
-1.7277890229649984e-10
-2.1105339698124226e-12
-1.8873791418627661e-15
2.9497759103827951e-15
2.2204460492503131e-16
-2.4424906541753444e-15
5.6621374255882984e-15
-4.4562618887530602e-15
-2.9976021664879227e-15
0
0
3.2862601528904634e-14
-2.1743856902168939e-14
-2.4424906541753444e-15
-9.8325863679425286e-16
-7.5495165674510645e-15
4.9641194400764572e-15
1.5432100042289676e-14
2.0934159249812396e-11
3.8775402888546751e-09
8.5056293272076793e-07
3.0781549792635587e-05
0.0013187792007373236
0.0093023580098073877
0.076858026707126381
0.098712252019994784
0.098673846575786817
-0.060283653741348475
-0.16157477203958057
-0.046955529048896105
-0.015226340642707403
-0.00080569301245925207
-5.0384038346998697e-05
-5.196416530406367e-07
-6.3468535822959702e-09
-1.2791989689731054e-11
-2.6772316978834649e-14
-1.354472090042691e-14
3.4257492909696176e-15
2.886579864025407e-15
-1.7683857967160629e-14
3.1197266991966899e-14
-3.7428741129888142e-15
0
0
-4.045822746711218e-14
3.7747582837255322e-14
1.0800475214484635e-14
-3.3306690738754696e-16
6.9465787990334202e-15
-1.6764367671839864e-14
2.8627811949960662e-14
2.4798607611842272e-11
5.4389273404161861e-09
1.007361450255928e-06
4.3176579499474091e-05
0.0015618918726095776
0.013048205916644398
0.091026554855657249
0.13846142983255394
0.1168640504182592
-0.084558509422588995
-0.1913605576473556
-0.065863452181572815
-0.018033267195968539
-0.0011301272560256736
-5.967217253288748e-05
-7.2888953181058518e-07
-7.5168730129249184e-09
-1.7939221618583573e-11
-3.6304292905242619e-14
1.5653572352098598e-14
-1.0880185641326534e-14
-3.1712482201919385e-16
-3.3306690738754696e-16
-3.727046486643673e-14
3.2307490016592055e-14
0
0
6.106226635438361e-15
-3.490711234398752e-14
2.9976021664879227e-15
-2.5216287859010903e-15
-3.5527136788005009e-15
1.9285424162624852e-14
4.3298697960381105e-15
1.3229736403140731e-12
1.2587531017516085e-09
5.3955862674625789e-08
9.9925169757542065e-06
8.3657385251853113e-05
0.0030197950052994749
0.004875525445347524
0.032044645593893528
0.0062594223450974686
-0.019569691499441655
-0.010249572440979876
-0.01524302461198912
-0.00096589015388048871
-0.0002615495697176895
-3.1961354136633702e-06
-1.6868962404714694e-07
-4.0261571854216527e-10
-4.1500136660488351e-12
-4.5359723155947615e-15
-4.2188474935755949e-15
8.6119133359711124e-15
7.7715611723760958e-16
6.0584003793331758e-15
4.8849813083506888e-15
-3.4827974212261044e-14
0
0
7.2164496600635175e-15
-2.8643754035329039e-14
-1.6653345369377348e-15
-4.1078251911130792e-15
-4.3298697960381105e-15
1.4876988529977098e-14
8.8817841970012523e-16
5.6510351953420468e-14
2.5747182164082005e-12
2.4401303200249913e-09
2.0437313619225961e-08
3.7833692657640583e-06
6.1762711365265233e-06
0.00022049354132991361
6.5539687064686269e-05
0.00028307968341523271
-4.0025140957911098e-05
-0.00046353250536079749
-3.1175974783748117e-05
-4.3681966784392401e-05
-5.349373228824561e-07
-1.4454384944517784e-07
-3.4501501655626043e-10
-1.8215540187327406e-11
-6.2172489379008766e-15
6.8833827526759706e-15
-3.9968028886505635e-15
2.3314683517128287e-15
2.2204460492503131e-15
-8.4376949871511897e-15
5.8841820305133297e-15
-1.6542323066914832e-14
0
0
-2.1094237467877974e-14
2.8753631747559752e-14
-1.7763568394002505e-15
7.913895350459302e-15
6.7723604502134549e-15
-1.2544947883148237e-14
1.2101430968414206e-14
2.4265485688069838e-15
1.4765966227514582e-14
1.9073631563060189e-13
1.8061219186904509e-10
2.9547751538924741e-10
5.4581891673066707e-08
1.72202859749504e-08
5.7919738460920911e-07
2.210818888674414e-08
-3.5371632112202178e-07
-3.6201340066532106e-08
-2.7551311254647715e-07
-3.4115121163925138e-09
-4.7274298919930402e-09
-1.1287637491363967e-11
-3.0533353623241055e-12
6.70859210874007e-15
-3.1086244689504383e-15
-1.8554949711260197e-15
1.9317880628477724e-14
-1.2608716224621652e-14
4.7739590058881731e-15
1.0261305787540375e-14
-4.9404924595819466e-14
2.3266284965907102e-14
0
0
2.4899735332107848e-14
-1.2434497875801753e-14
3.5686557641689018e-15
-1.1768364061026659e-14
-1.4797278103135361e-14
2.1538326677728037e-14
-1.1466609029259778e-14
-5.3290705182007514e-15
4.7261327497830164e-15
1.3322676295501878e-15
8.8817841970012523e-16
5.0937032369802182e-13
1.6263970206513143e-13
2.9742208695893169e-11
1.7275883002863284e-12
3.8174796657131083e-11
-1.0544452062961114e-12
-6.2512106602241602e-11
-8.2123994235524778e-13
-5.8946181269448061e-12
-1.3330647338177272e-14
-1.7319479184152442e-14
1.6493924515693584e-15
-1.4654943925052066e-14
5.2021061303698641e-15
1.609823385706477e-14
-1.708092019874284e-14
9.6589403142388619e-15
-1.6493924515693817e-15
2.3314683517128287e-15
3.0212291469824668e-14
-1.27675647831893e-14
0
0
-1.9539925233402755e-14
6.0424582939650219e-15
1.9650947535865271e-14
1.8236108003892527e-15
-9.9920072216264089e-15
-1.065756874128542e-14
8.2156503822261584e-15
1.2909898961272606e-14
-5.3290705182007514e-15
-4.3059566679855814e-15
4.5519144009631418e-15
8.8817841970012523e-16
-3.5527136788005009e-15
-1.4709024338497775e-15
2.2204460492503131e-15
1.8039693412419989e-15
1.7763568394002505e-15
-3.4693038781768753e-15
-4.4408920985006262e-16
1.2053032417193248e-15
2.886579864025407e-15
1.3322676295501878e-15
-1.1657341758564144e-14
1.0895555431578948e-14
7.7715611723760958e-16
-1.0768591043748008e-14
2.1760371282653068e-14
-1.479727810313526e-14
-8.2156503822261584e-15
3.4735755470747526e-15
-3.8080649744642869e-14
7.7869309626283342e-15
0
0
3.0672895060158772e-14
-2.808864252301646e-14
-1.1640827378079476e-14
-1.3322676295501878e-14
-4.3617539667748286e-15
2.3203661214665772e-14
-6.4706054184465874e-15
-1.021405182655144e-14
7.8347572187334271e-15
3.3306690738754696e-16
-2.4185775261227802e-15
2.6645352591003757e-15
-1.6733055796219256e-15
-2.1094237467877974e-15
2.301720015426152e-15
1.9984014443252818e-15
-3.9213641307088368e-15
-6.2172489379008766e-15
5.4756763651840583e-15
2.6645352591003757e-15
-8.500891033508573e-15
-4.4408920985006262e-16
1.1783733851278934e-14
7.7715611723760958e-16
9.9920072216264089e-16
-3.7747582837255322e-15
-1.6715969120618227e-14
5.5511151231257827e-16
1.6175082808326601e-15
2.3314683517128287e-15
4.9165221020177859e-14
-3.5638159090467525e-14
0
0
6.6613381477509392e-16
2.6422163395846721e-14
-3.219646771412954e-15
2.0173602582324756e-14
1.6653345369377348e-15
-2.7976475630321981e-14
-4.2188474935755949e-15
1.5225425227617053e-14
1.1102230246251565e-15
-3.9968028886505635e-15
1.5543122344752192e-14
-1.1022519819409705e-15
-8.5487172896137054e-15
3.203704686044591e-15
-3.3306690738754696e-15
2.5976398389588836e-16
-4.5519144009631418e-15
-6.6826964922513721e-16
6.8833827526759706e-15
4.1078251911130792e-15
-1.1990408665951691e-14
-2.5295998285853124e-15
2.1094237467877974e-15
2.3155262663444658e-15
-5.440092820663267e-15
6.613511891645844e-15
2.1316282072803006e-14
-1.1942582409846615e-14
-4.6629367034256575e-15
4.1078251911130792e-15
-1.6875389974302379e-14
3.6794491485849542e-14
0
0
6.8196144112024193e-15
5.5511151231257827e-16
1.6812766223060913e-15
-2.2204460492503131e-16
-1.8445071999030036e-14
1.5543122344752192e-15
1.5241367312985345e-14
4.2188474935755949e-15
-6.6453960623825439e-15
3.1086244689504383e-15
-1.8960328297921563e-14
-3.8857805861880479e-15
7.3152292509417671e-15
2.6645352591003757e-15
3.0331857110087061e-16
2.3314683517128287e-15
7.0804463123234068e-15
-7.8825834748386114e-15
1.4751741027493963e-15
2.2204460492503131e-16
9.3543238068922212e-16
2.6645352591003757e-15
2.6725063017845615e-15
-1.0103029524088925e-14
7.7077928309027038e-15
1.7763568394002505e-14
-1.9031495386962708e-14
-1.1879386363489175e-14
8.1678241261210703e-15
1.9984014443252818e-15
6.3436410306158169e-15
-2.1094237467877974e-15
0
0
0
9.7699626167013776e-15
0
2.1094237467877974e-15
0
-2.886579864025407e-15
0
-8.992806499463768e-15
0
9.8809849191638932e-15
0
1.7763568394002505e-15
0
-1.4432899320127035e-15
0
-1.5543122344752192e-15
0
-3.8857805861880479e-15
0
2.2204460492503131e-16
0
2.7755575615628914e-15
0
2.1094237467877974e-15
0
-3.5527136788005009e-15
0
-1.1102230246251565e-15
0
1.2212453270876722e-15
0
-9.8809849191638932e-15
0
