0
0
-8.9513913051155053e-14
0
-7.5380137306235838e-14
0
1.8295387492034351e-13
0
-7.3809717779022583e-14
0
3.9260488180331207e-14
0
-2.1985873380985459e-14
0
1.0129205950525452e-13
0
1.7274614799345732e-14
0
9.5010381396401372e-14
0
-1.2563356217705985e-14
0
1.8845034326558982e-14
0
6.5172410379349726e-14
0
-2.0101369948329571e-13
0
-8.87287032875485e-14
0
-4.4756956525577564e-14
0
2.5126712435411983e-14
0
0
-2.379185583728061e-13
1.8530950421116265e-13
5.9675942034103129e-14
2.8267551489838349e-14
-1.4133775744919186e-14
-4.0830907707544279e-14
-5.7320312743283358e-14
5.8105522506889936e-14
6.0461151797709782e-14
-9.5795591160007811e-14
2.1985873380985383e-14
-3.1408390544264833e-14
9.8151220450827682e-14
-4.3971746761970797e-14
-7.0668878724595913e-15
9.4225171632794546e-15
1.0992936690492682e-14
-1.3505607934033864e-13
6.5957620142956202e-14
5.6535102979676743e-14
4.3186536998364176e-14
2.5126712435411885e-14
-1.1699625477738659e-13
-1.5704195272132397e-14
4.7112585816397208e-14
2.5126712435411885e-14
-3.5334439362297991e-14
5.025342487082377e-14
3.1408390544264757e-14
-1.9316160184722888e-13
9.8151220450827758e-14
9.7366010687220978e-14
0
0
1.5704195272132442e-14
1.6489405035739051e-14
2.041545385377214e-14
-6.8313249433776061e-14
1.0050684974164762e-13
-2.7482341726231772e-14
9.422517163279464e-15
-5.7320312743283358e-14
2.9837971017051615e-14
7.6950556833448955e-14
-1.1621104501377997e-13
5.2609054161643635e-14
-9.422517163279464e-15
3.140839054426488e-15
-3.6119649125904613e-14
5.8105522506890024e-14
-2.8267551489838349e-14
2.2771083144592005e-14
-3.140839054426488e-15
1.570419527213244e-15
-3.454922959869137e-14
2.355629290819866e-15
6.281678108852976e-15
-1.7274614799345656e-14
1.5704195272132416e-14
7.6950556833448955e-14
-5.3394263925250383e-14
-1.2563356217705952e-14
-5.9675942034103091e-14
1.2955961099509263e-13
-6.1246361561316523e-14
3.2978810071478126e-14
0
0
1.5704195272132442e-14
-8.9513913051154838e-14
6.2031571324923038e-14
-6.2816781088529713e-15
-6.8313249433776111e-14
1.8845034326558928e-14
4.0045697943937721e-14
-7.8520976360662145e-15
-2.1985873380985399e-14
-2.8267551489838394e-14
4.3186536998364176e-14
2.1985873380985399e-14
-4.0830907707544349e-14
2.983797101705164e-14
-2.1985873380985418e-14
-3.2978810071478126e-14
7.8520976360662085e-14
-4.0830907707544279e-14
-1.3348565981312575e-14
1.5704195272132442e-14
-6.281678108852976e-15
2.1985873380985418e-14
1.0992936690492709e-14
-2.5126712435411866e-14
9.4225171632794498e-15
-8.4802654469515184e-14
1.012920595052544e-13
-5.3394263925250301e-14
7.5380137306235472e-14
-6.2816781088529767e-14
4.711258581639732e-15
-6.1246361561316523e-14
0
0
-3.7690068653117919e-14
3.2978810071478101e-14
3.1408390544264858e-14
-9.26547521055814e-14
3.6119649125904644e-14
9.0299122814761681e-14
-8.4802654469515247e-14
4.4756956525577457e-14
-2.8267551489838403e-14
2.6697131962625169e-14
-3.1408390544264883e-14
-4.711258581639732e-15
1.4133775744919208e-14
1.0757373761410731e-13
9.4225171632794735e-15
1.4494972236178255e-12
0
6.5565015261152897e-13
-3.1408390544264908e-15
1.5704195272132454e-14
-1.5704195272132454e-14
-4.1616117471151002e-14
2.5126712435411926e-14
6.4387200615742984e-14
-5.3394263925250257e-14
2.355629290819868e-15
4.5542166289184224e-14
-8.637307399672849e-14
7.5380137306235536e-14
1.4918985508525829e-14
-2.0258411901050849e-13
7.8520976360662325e-14
0
0
-4.711258581639732e-15
-2.3556292908198642e-14
5.3394263925250213e-14
2.1985873380985399e-14
-7.8520976360662208e-15
0
-4.5542166289184079e-14
0
3.7690068653117831e-14
-5.3394263925250301e-14
2.8189030513477711e-13
1.9473202137444211e-13
3.7543705553181583e-10
1.3910776172054916e-11
2.2243134796674909e-08
4.4659590514890237e-11
5.0318531323582939e-08
3.3677646761087969e-11
4.3463394108914271e-09
2.6995511672795667e-12
1.4333219024875278e-11
-3.140839054426488e-15
-1.3348565981312575e-14
7.8520976360662082e-15
3.6119649125904556e-14
-1.4133775744919197e-14
-4.0830907707544412e-14
9.422517163279464e-15
-1.0992936690492674e-14
4.7112585816397322e-14
-4.0045697943937721e-14
1.3505607934033899e-13
0
0
3.1408390544264934e-14
4.6327376052790662e-14
-2.8267551489838372e-14
-2.7482341726231772e-14
2.1985873380985433e-14
4.3971746761970905e-14
-6.1246361561316561e-14
-3.9260488180331104e-15
4.0830907707544361e-14
5.338641182761427e-12
1.3582558490867348e-10
4.2933502366832214e-08
4.1317568155671548e-08
1.3061684413364886e-05
5.1790171776618506e-07
0.00015130359925991563
6.8743212868670311e-07
6.6872845963134348e-05
2.1429920840933179e-07
1.1270867748140656e-06
3.5596510972999366e-09
7.2072519698019237e-10
2.2849604120952718e-12
3.6904858889511222e-14
-1.0992936690492699e-14
-5.1038634634430474e-14
5.1823844398037215e-14
5.2609054161643717e-14
-6.2816781088529615e-14
1.2563356217705963e-14
-1.3819691839476548e-13
9.6580800923614666e-14
0
0
5.025342487082389e-14
-8.1661815415088622e-14
1.4133775744919186e-14
-4.0830907707544349e-14
-4.2401327234757624e-14
5.025342487082389e-14
1.6489405035739076e-14
7.6950556833448955e-14
1.9355420672903241e-12
3.0485219425192601e-09
1.6754021275721329e-07
4.7323445936386881e-06
0.00028682481455640592
0.00028483679100484339
0.017298414760912796
0.0009130738416085754
0.039208878502185809
0.00068816822680209703
0.0033623402849034304
5.4925458295581776e-05
1.0637898973169485e-05
1.8061786802151573e-07
1.0470968500135216e-09
2.2747526851683831e-11
-2.3556292908198644e-15
-3.1408390544264909e-14
3.3764019835084855e-14
-6.5957620142956303e-14
6.2816781088529615e-14
5.6535102979676832e-14
-7.8520976360662208e-15
-2.1985873380985452e-14
0
0
2.8267551489838394e-14
-1.2563356217705943e-14
6.2816781088529666e-15
1.8845034326558915e-14
-1.5704195272132442e-14
-1.0207726926886087e-14
2.1985873380985418e-14
-2.1742458354267348e-12
2.6122625386984706e-09
-6.2887427196171216e-08
2.0737479004856174e-05
0.0001046283354332367
0.0062992695202360683
0.067383669368073718
0.078520673512475603
0.85402141970137069
0.10370374892298691
0.36869704724221208
0.032612022455380196
0.0048802911607490783
0.00054315588482539809
-1.3583091569775861e-06
3.5006818911656624e-07
-6.0106315505535967e-10
8.6027581700741376e-12
1.0207726926886087e-14
-3.1408390544264931e-15
8.6373073996728424e-15
1.5704195272132391e-15
-5.6535102979676787e-14
2.1985873380985418e-14
-4.3186536998364214e-14
0
0
7.9306186124268953e-14
-2.1985873380985399e-14
-3.3764019835084723e-14
-4.0830907707544349e-14
1.5704195272132454e-14
0
-7.4594927542629147e-14
8.547636444668966e-11
-1.5630942268075821e-08
3.4680780988477049e-06
-0.00011749600735690536
0.0053504795773854537
-0.025472365582771602
0.31203794357730119
0.27685150811673054
0.89578293820920352
1.0743244768947162
0.72016690371048153
-0.050560080831872703
0.061499411812102986
-0.0028067728483979664
0.00020508644600270135
-2.0605864661662968e-06
2.5899329004829793e-08
-5.1928277296596694e-11
9.7366010687221206e-14
1.7274614799345738e-14
-4.711258581639736e-15
4.7112585816397208e-14
6.2816781088529817e-14
-1.036476887960741e-13
3.2978810071478177e-14
0
0
7.5380137306235599e-14
-1.1228499619574686e-13
-4.7112585816397208e-14
4.7112585816397246e-14
-3.4549229598691344e-14
2.8267551489838349e-14
1.0364768879607403e-13
-1.0117270762118588e-10
2.2038209182149283e-08
-4.1033152199775772e-06
0.00016940234955728061
-0.0063043362989891015
0.042855850736091036
-0.3597121678961207
0.033846311937112863
-0.9469008670811474
-0.551886510091122
-0.80252594314111669
0.15341778501512482
-0.071985859362112187
0.0042091175603998342
-0.00024234509343816759
2.9246125470819621e-06
-3.0660282727198354e-08
7.2989958785816981e-11
-1.5390111366689781e-13
-3.1408390544264883e-14
1.1778146454099321e-14
4.7112585816397139e-14
1.8059824562952294e-14
8.4802654469515184e-14
-1.4604901603083148e-13
0
0
3.611964912590467e-14
-1.8845034326558915e-14
-3.6904858889511209e-14
-9.422517163279464e-15
-2.2771083144592058e-14
-1.5704195272132466e-15
2.1200663617378812e-14
5.2122224108207567e-12
-5.1394813635300048e-09
1.7591246553429299e-07
-4.0793129289444257e-05
-1.0611510554277511e-05
-0.012381527996216545
-0.086320963271514742
-0.15376062985539946
-1.1716216034263833
-0.2023882083265138
-0.49735355603342385
-0.06402179966528096
-0.00526516881291783
-0.0010681911520561474
7.1014299754944804e-06
-6.8870115957993269e-07
1.4974955260475693e-09
-1.6909492259268593e-11
-4.3971746761970867e-14
-1.1778146454099367e-14
1.5704195272132454e-14
4.475695652557735e-14
-6.909845919738279e-14
1.4761943555804494e-13
-8.480265446951531e-14
0
0
-4.7112585816397397e-14
4.3971746761970797e-14
6.5957620142956202e-14
-3.9260488180331099e-14
4.8683005343610603e-14
-5.2609054161643761e-14
-9.4225171632794719e-15
-2.528375438813323e-13
-3.01520549224943e-13
-9.9641980447523184e-09
-3.571769961974657e-07
-1.5467210891949174e-05
-0.00065825593041059303
-0.00093081884371270032
-0.040182206904769938
-0.0029823460660946535
-0.09119663832646753
-0.002248385726453432
-0.0077825346144047769
-0.00017950998893800964
-2.3917915495106368e-05
-5.9034450626907194e-07
-1.879170287941478e-09
-7.4367216711183143e-11
2.6697131962625128e-14
6.5957620142956303e-14
-6.1246361561316713e-14
-1.5704195272132454e-14
1.2563356217705924e-14
-1.6489405035739076e-14
-2.5126712435411904e-14
8.3232234942302067e-14
0
0
-6.9883668960989254e-14
1.8845034326558915e-14
2.5911922199018466e-14
6.2816781088529666e-15
-1.0992936690492699e-14
4.7112585816397246e-14
-1.4918985508525807e-14
-4.7112585816397246e-14
-7.6950556833448804e-14
-2.0228573930033783e-11
-7.37695150391257e-10
-1.6571764117424209e-07
-2.2434707683607414e-07
-5.0533742586111545e-05
-2.8120362545533217e-06
-0.00058561392899730055
-3.7324388237207843e-06
-0.00025879949155495878
-1.1635958487222291e-06
-4.3574499484482121e-06
-1.9328424376020658e-08
-2.7715957335099991e-09
-1.2459708528909868e-11
-4.5542166289183952e-14
-1.0992936690492682e-14
1.5704195272132429e-14
8.0091395887875442e-14
-6.9098459197382689e-14
1.3348565981312522e-14
-1.0050684974164754e-13
-7.8520976360662199e-14
2.1043621664657436e-13
0
0
-6.5957620142956455e-14
6.4387200615743111e-14
-4.711258581639736e-14
4.3186536998364277e-14
1.0992936690492734e-13
-6.4387200615743212e-14
-1.8845034326558972e-14
0
-3.1408390544264953e-14
1.2563356217705987e-14
-1.5515744928866882e-12
-2.0917988102480454e-12
-2.413924834089555e-09
-1.2561471714273332e-10
-1.4303855948723297e-07
-4.0293196061426641e-10
-3.2358599890421163e-07
-3.0352911580024898e-10
-2.7949433176630411e-08
-2.4209587431519433e-11
-9.2136513661601286e-11
-6.595762014295643e-14
-4.7112585816397454e-14
-2.9052761253445063e-14
4.8683005343610603e-14
6.1246361561316662e-14
-6.4387200615743313e-14
2.9052761253445082e-14
-5.49646834524635e-14
4.3186536998364315e-14
-2.6697131962625214e-14
-2.5126712435411983e-14
0
0
-1.7274614799345631e-14
3.2978810071478019e-14
5.6535102979676566e-14
-9.4225171632794353e-14
-4.161611747115087e-14
1.2563356217705913e-13
-1.1935188406820626e-13
5.025342487082365e-14
3.9260488180330946e-15
2.8267551489838315e-14
-2.2771083144591957e-14
-1.8845034326558862e-14
-7.0668878724595803e-15
-1.3050186271142022e-12
8.6373073996728188e-15
-1.5463921084468772e-11
9.422517163279423e-15
-6.8297545238503686e-12
1.8845034326558878e-14
-1.5233069413968428e-13
1.0992936690492679e-14
-3.1408390544264793e-15
-8.6373073996728188e-15
1.884503432655884e-14
1.0992936690492665e-14
-2.1985873380985364e-14
9.501038139640112e-14
-8.4802654469514982e-14
-4.1616117471150737e-14
6.2816781088529618e-15
2.1985873380985364e-14
4.8683005343610413e-14
0
0
-5.9675942034103368e-14
1.2327793288623956e-13
-4.5542166289184041e-14
6.8313249433776111e-14
1.2563356217705963e-14
-8.7943493523941809e-14
5.1823844398037096e-14
-5.0253424870823808e-14
2.1985873380985427e-14
2.4341502671805301e-14
-2.3556292908198661e-14
4.5542166289184079e-14
-4.3971746761970867e-14
3.9260488180331136e-15
-2.198587338098544e-14
6.2031571324923189e-14
-5.0253424870823783e-14
-1.6489405035739054e-14
1.4133775744919208e-14
6.2031571324923189e-14
-4.711258581639736e-14
-3.3764019835084773e-14
3.7690068653117888e-14
2.3556292908198651e-14
-6.5957620142956202e-14
9.0299122814761605e-14
-8.166181541508895e-14
1.4133775744919208e-14
7.2239298251809062e-14
-8.2447025178695376e-14
-1.3505607934033899e-13
2.2692562168231412e-13
0
0
-1.2563356217705933e-14
-1.2563356217705943e-13
1.24063142649846e-13
-1.4447859650361822e-13
1.3427086957673225e-13
3.7690068653117799e-14
-7.6165347069842277e-14
-3.9260488180331043e-14
1.0914415714132025e-13
-5.3394263925250257e-14
3.0623180780658211e-14
-5.8105522506889936e-14
3.2978810071478101e-14
-2.8267551489838372e-14
1.0207726926886076e-14
9.4225171632794546e-15
-4.711258581639721e-15
5.9675942034103116e-14
-5.5749893216070122e-14
-4.2401327234757554e-14
1.9630244090165534e-14
5.49646834524635e-14
-4.3971746761970797e-14
2.0415453853772118e-14
-3.1408390544264809e-15
-3.1408390544264858e-14
1.067885278505006e-13
-7.0668878724595932e-14
-1.5704195272132379e-14
-3.1408390544264858e-14
-1.0207726926886087e-14
-6.2816781088529666e-15
0
0
3.1408390544264979e-15
7.8520976360662334e-15
-5.1823844398037096e-14
9.3439961869188167e-14
2.0415453853772222e-14
-1.1621104501378043e-13
3.1408390544264955e-15
1.3819691839476571e-13
-1.2563356217705981e-13
1.0364768879607439e-13
-6.5957620142956379e-14
-5.3394263925250402e-14
8.7943493523941898e-14
-4.4756956525577577e-14
1.2563356217705987e-14
1.6489405035739107e-14
-8.7943493523941772e-14
3.1408390544264921e-14
9.4225171632794909e-15
5.1823844398037184e-14
1.2563356217705987e-14
-4.5542166289184205e-14
-2.8267551489838469e-14
-5.1038634634430512e-14
1.5390111366689804e-13
8.2447025178695502e-14
-2.7011215868067925e-13
9.9721639978041228e-14
0
6.5172410379349776e-14
-5.8105522506890163e-14
-3.1408390544264979e-15
0
0
0
1.3819691839476571e-13
0
1.0992936690492726e-14
0
-1.3348565981312617e-13
0
2.8895719300723736e-13
0
-5.6535102979676939e-14
0
1.8845034326558966e-14
0
6.2816781088529931e-14
0
3.1408390544264965e-14
0
-1.4133775744919213e-14
0
-1.8845034326558975e-14
0
-1.8845034326558982e-14
0
-1.3034482075869945e-13
0
1.7902782610231026e-13
0
-6.9098459197382903e-14
0
-1.8845034326558972e-14
0
4.0830907707544475e-14
0
