2
2
2
2
2
2
2
2
2
2
2
2
2
2
2
2
2
2
2
2
2
2
2
2
2
2
2
2
2
2
2
2
2
2
2
2
2
2
2
2
2
2
2
2
2
2
2
2
2
2
2
2
2
2
2
2
2
2
2
2
2
2
2
2
2
2
2
2
2
2
2
2
2
2
2
2
2
2
2
2
2
2
2
2
2
2
2
2
2
2
2
2
2
2
2
2
2
2
2
2
2
2
2
2
2
2
2
2
2
2
2
2
2
2
2
2
2
2
2
2
2
2
2
2
2
2
2
2
2
2
2
2
2
2
2
2
2
2
2
2
2
2
2
2
2
2
2
2
2
2
2
2
2
2
2
2
2
2
2
2
2
2
2
2
2
2
2
2
2
2
2
2
2
2
2
2
2
2
2
2
2
2
2
2
2
2
2
2
2
2
2
2
2
2
2
2
2
2
2
2
2
2
2
2
2
2
2
2
2
2
2
2
2
2
2
2
2
2
2
2
2
2
2
2
2
2
2
2
2
2
2
2
2
2
2
2
2
2
2
2
2
2
2
2
2
2
2
2.0000000000000311
2
2
2.0000000000003575
2
2
2.0000000000001581
2
2
2.0000000000000027
2
2
2
2
2
2
2
2
2
2
2
2
2
2
2
2
2
2
2
2
2
2
2
2
2
2
2
2
2
2
2
2
2
2
2
2
2
2.00000000000006
2
2.0000000000001146
2.0000000000930198
2.0000000000001452
2.000000000006807
2.0000000055107141
2.0000000000071338
2.0000000000156866
2.000000012466197
2.0000000000154867
2.0000000000014824
2.0000000010768506
2.0000000000013269
2.0000000000000071
2.0000000000035518
2.0000000000000044
2
2.0000000000000004
2
2
2
2
2
2
2
2
2
2
2
2
2
2
2
2
2
2
2
2
2
2
2
2
2
2
2
2
2
2
2
2.0000000000000084
2.0000000000013523
2.0000000000000684
2.0000000000672831
2.0000000107369895
2.0000000001601292
2.0000000204728097
2.0000032551070448
2.0000000258838417
2.0000002414324634
2.0000376828375437
2.0000002483793935
2.0000001167436725
2.0000166577941272
2.0000001053683314
2.0000000028359777
2.0000002811816353
2.0000000017639978
2.0000000000046825
2.000000000181239
2.0000000000011351
2.0000000000000004
2.0000000000000044
2
2
2
2
2
2
2
2
2
2
2
2
2
2
2
2
2
2
2
2
2
2
2
2
2
2
2
2.0000000000000369
2.0000000000011888
2.0000000000013811
2.000000001509961
2.0000000482996221
2.0000000121783836
2.0000023511988205
2.0000749339634591
2.0000055752561954
2.000141892613291
2.0044392463122733
2.0001761047951683
2.0003511152469833
2.0100423499250772
2.0003302218392873
2.0000436487012387
2.0008674751191413
2.0000273746211006
2.0000003687948578
2.0000028613716738
2.0000000895537773
2.0000000001913616
2.0000000003604019
2.0000000000112612
2.0000000000000044
2.0000000000000018
2
2
2
2
2
2
2
2
2
2
2
2
2
2
2
2
2
2
2
2
2
2
2
2
2
2.0000000000000062
2.000000000000044
2.0000000000011582
2.0000000012939605
2.0000000091282857
2.0000000480838143
2.0000103109060756
2.0000724730267541
2.0000828575494749
2.0031843403373362
2.0219714719683299
2.0074123353290547
2.0403238132863852
2.2543533583918629
2.0457519064473741
2.0256528397084872
2.1124375486494205
2.0167645380405999
2.0011091778634809
2.0018979327951758
2.0002715699422566
2.000002945255074
2.0000012233362954
2.0000001736062183
2.0000000003534093
2.0000000000301097
2.0000000000042659
2.0000000000000018
2
2
2
2
2
2
2
2
2
2
2
2
2
2
2
2
2
2
2
2
2
2
2
2
2.0000000000000377
2.0000000000423421
2.000000000092407
2.0000000078777811
2.0000017266323584
2.0000037544483984
2.0000639277085654
2.0027288190514856
2.0058248012171536
2.0215263352052002
2.1768353436357994
2.3450735304703638
2.3763057521020023
2.5756985536907751
2.7806165504456386
2.4538818106872187
2.1273834772276556
2.0674309738411516
2.0324992215505295
2.0017309600095854
2.0002224214553435
2.0001028752378875
2.0000010629045333
2.0000000280149273
2.0000000128511566
2.0000000000259068
2.0000000000001346
2.0000000000000617
2
2
2
2
2
2
2
2
2
2
2
2
2
2
2
2
2
2
2
2
2
2
2
2
2.0000000000000528
2.0000000000000648
2.0000000000501559
2.0000000110407479
2.0000000135342511
2.0000020466421615
2.0000892946764481
2.0001074537068164
2.0032454501022832
2.0296122982967377
2.0325764800084953
2.2135520191193483
2.493344622371068
2.3771225299192364
2.7294948407575701
2.5586252671366516
2.1667079730052548
2.171938023991729
2.0388460375279682
2.0028140112710084
2.0024057466831047
2.0001220692189103
2.0000018138061222
2.0000014881118475
2.0000000152258686
2.000000000044643
2.0000000000363256
2.0000000000000728
2
2
2
2
2
2
2
2
2
2
2
2
2
2
2
2
2
2
2
2
2
2
2
2
2.0000000000000124
2.0000000000026956
2.0000000000028049
2.0000000025462894
2.0000001115763029
2.0000001139636536
2.0000203037145816
2.0001893523632157
2.0001768077647153
2.0062915304704405
2.0161436312195358
2.0104744655328557
2.0808970778785572
2.093545654994255
2.02369506910853
2.0540006717011927
2.0332890947736191
2.0020468200223389
2.0024871195031335
2.0005353202119074
2.000006751447625
2.0000068002112155
2.0000003416974703
2.0000000008503735
2.00000000082197
2.0000000000083942
2.0000000000000044
2.000000000000004
2
2
2
2
2
2
2
2
2
2
2
2
2
2
2
2
2
2
2
2
2
2
2
2
2
2
2.0000000000001217
2.0000000000053237
2.0000000000052482
2.000000004936159
2.0000000462343666
2.0000000416684225
2.0000076913867941
2.0000201719381048
2.0000126325147773
2.0004657289571499
2.0005981667030435
2.0001462406598556
2.0011701931630199
2.001089313322348
2.0000646460554363
2.00015264116373
2.0000896430627124
2.0000010912179267
2.0000013737792246
2.0000002928174969
2.0000000007033583
2.0000000007339906
2.000000000036811
2.0000000000000173
2.0000000000000173
2
2
2
2
2
2
2
2
2
2
2
2
2
2
2
2
2
2
2
2
2
2
2
2
2
2
2
2
2.0000000000000462
2.0000000000004308
2.0000000000003855
2.0000000003653979
2.0000000009624754
2.0000000005984946
2.0000001112575196
2.0000001460549961
2.000000035456063
2.0000013164541803
2.0000013611287706
2.0000000802078022
2.0000006463650233
2.0000005732120347
2.0000000069284853
2.0000000164755432
2.0000000095818162
2.0000000000228537
2.0000000000289755
2.000000000006164
2.0000000000000027
2.0000000000000031
2
2
2
2
2
2
2
2
2
2
2
2
2
2
2
2
2
2
2
2
2
2
2
2
2
2
2
2
2
2
2
2
2.0000000000000009
2.0000000000000018
2.0000000000000009
2.000000000001033
2.0000000000013616
2.00000000000033
2.000000000061454
2.0000000000649445
2.0000000000038218
2.0000000001420934
2.0000000001399618
2.0000000000016893
2.0000000000136327
2.0000000000119726
2.0000000000000284
2.0000000000000675
2.0000000000000391
2
2
2
2
2
2
2
2
2
2
2
2
2
2
2
2
2
2
2
2
2
2
2
2
2
2
2
2
2
2
2
2
2
2
2
2
2
2
2
2
2
2
2.0000000000000013
2.0000000000000013
2
2.0000000000000009
2.0000000000000009
2
2
2
2
2
2
2
2
2
2
2
2
2
2
2
2
2
2
2
2
2
2
2
2
2
2
2
2
2
2
2
2
2
2
2
2
2
2
2
2
2
2
2
2
2
2
2
2
2
2
2
2
2
2
2
2
2
2
2
2
2
2
2
2
2
2
2
2
2
2
2
2
2
2
2
2
2
2
2
2
2
2
2
2
2
2
2
2
2
2
2
2
2
2
2
2
2
2
2
2
2
2
2
2
2
2
2
2
2
2
2
2
2
2
2
2
2
2
2
2
2
2
2
2
2
2
2
2
2
2
2
2
2
2
2
2
2
2
2
2
2
2
2
2
2
2
2
2
2
2
2
2
2
2
2
2
2
2
2
2
2
2
2
2
2
2
2
2
2
2
2
2
2
2
2
2
2
2
2
2
2
2
2
2
2
2
2
2
2
2
2
2
2
2
2
2
2
2
2
2
2
2
2
2
2
2
2
2
2
2
2
2
2
2
2
2
2
2
2
2
2
2
2
2
2
2
2
2
2
2
2
