0
0
-1.9411327608072058e-12
0
5.7001517579259217e-13
0
1.3403059538906915e-12
0
-7.7799368587907851e-13
0
-1.0013780115275278e-13
0
-1.3865234005765758e-13
0
6.8555879250730761e-13
0
-8.3191404034594624e-13
0
7.471820547551543e-13
0
-2.2338432564844846e-13
0
-1.5405815561961966e-13
0
-2.2338432564844826e-13
0
1.540581556196196e-14
0
-4.5447155907787785e-13
0
1.6792338962538538e-12
0
-2.1182996397697712e-12
0
0
-1.116921628242238e-12
3.5674332700907454e-12
-4.6217446685885663e-14
-8.8911295142451762e-13
-1.1554361671471435e-13
-1.3061363526245258e-12
7.7029077809809564e-15
7.5816351914783811e-13
5.6231226801160918e-13
-2.0742546619032485e-13
-5.6231226801160938e-13
7.1194607246194085e-13
6.6245006916436226e-13
-9.5677998976485352e-13
-4.0825411239199063e-13
5.1152228249108447e-13
6.3163843804043745e-13
1.2505384384953693e-13
-1.5020670172912864e-12
2.3823709731425037e-13
5.8542099135455271e-13
-9.5294838925699581e-13
5.3920354466866696e-13
1.2632371693156166e-12
-6.5474716138338028e-13
-2.8279541231165777e-13
4.5447155907787679e-13
9.0222717787136761e-14
4.6987737463983687e-13
-1.246685559196039e-12
-2.3879014121040983e-12
1.7055417626779273e-12
0
0
4.1595702017297201e-13
-2.3879014121040963e-13
2.3108723342942853e-14
-2.8500758789629538e-13
7.4054552800123457e-13
3.0041340345825758e-13
-5.2047946572974166e-13
-7.7029077809809564e-14
3.3023806708566153e-14
3.7744248126806713e-13
1.5844280002363837e-13
-2.1568141786746678e-13
-6.1785204740169343e-13
-7.7029077809809627e-15
6.9392322508453729e-13
-6.9326170028828664e-14
-5.0039263043305257e-13
6.1623262247847601e-14
4.4426010038153834e-13
1.6946397118158118e-13
-1.9806342672086111e-13
-2.0027560230550503e-13
-1.738486155856014e-13
-2.002756023055047e-13
5.3588528129170321e-13
2.9271049567727661e-13
-8.5059841251960012e-13
5.3920354466866739e-14
4.6106837906653525e-13
4.6217446685885776e-14
1.0552189524638203e-12
2.7730468011531466e-13
0
0
-4.6987737463983869e-13
-1.925726945245239e-13
8.7813148703182836e-13
-3.3122503458218113e-13
-8.3191404034594402e-13
3.4663085014414333e-13
1.0013780115275252e-13
-1.77166878962562e-13
1.232465244956953e-13
2.7730468011531466e-13
-8.4731985590790527e-14
-1.77166878962562e-13
-1.463552478386383e-13
0
-7.7029077809809627e-14
2.6960177233433368e-13
3.851453890490475e-14
-2.2338432564844758e-13
5.3920354466866739e-14
6.9326170028828664e-14
-1.3094943227667638e-13
-6.1623262247847702e-14
3.0041340345825758e-13
-1.7716687896256185e-13
2.002756023055047e-13
3.3892794236316236e-13
8.4731985590790729e-14
-3.8514538904904814e-14
1.6946397118158065e-13
-2.3108723342942886e-13
-9.7056638040360128e-13
4.3906574351591489e-13
0
0
1.2445130903766865e-12
-8.1650822478398137e-13
-1.0156380325319056e-12
-3.1581921902021948e-13
1.2401284459726923e-12
1.0707041815563556e-12
-3.4552476235182208e-13
1.5405815561961925e-13
-2.5308986898005184e-13
1.6176106340060033e-13
-1.5295206782729939e-13
-5.2379772910670551e-13
2.8279541231165505e-13
-1.5405815561961938e-13
2.6079277676103292e-13
-3.0811631123923876e-14
-9.2138518041061678e-15
-3.8514538904904795e-14
-2.5666480092246283e-13
3.1581921902021974e-13
3.740845111258502e-14
-2.4649304899139101e-13
2.9326353957343703e-13
-6.1623262247847676e-14
-3.3782185457084131e-13
6.1623262247847752e-14
-5.2047946572974469e-13
-7.8569659366005878e-13
7.702907780980945e-14
1.0938129048992975e-12
1.477812499390772e-12
-2.1953287175795778e-12
0
0
-1.1785448904900874e-12
9.177124069637972e-13
7.3947914697417131e-13
-2.0908459787880713e-13
4.8528319020180064e-13
-1.1928049114944601e-12
-1.1554361671471443e-13
3.962062669722522e-14
-1.4635524783863818e-13
-3.0258587227763156e-14
7.7029077809809564e-15
4.3790832201050418e-12
9.2434893371771542e-13
2.2883743131348628e-10
1.1300165714699072e-11
2.9355527259520166e-10
-6.8632908328540266e-12
-4.8078373415757999e-10
-5.3458180000007876e-12
-4.5510694970289456e-11
-8.473198559079059e-14
-2.0797851008648601e-13
-2.6189886455335276e-13
3.5212158234048443e-13
5.3150063688768558e-13
-3.2241603900887956e-13
-1.0013780115275268e-13
1.0090412125432432e-12
-2.6960177233433282e-13
-5.7108155681964301e-13
-6.7015297694534364e-13
3.4548505558654622e-13
0
0
1.4678974160251499e-12
6.1623262247847651e-14
-1.0156380325318999e-12
-1.6946397118158118e-13
7.813516560212843e-14
1.9257269452452436e-13
1.2103434891105646e-13
-2.5419595677237173e-13
6.4483207801776185e-13
2.1953287175795762e-12
2.3076074074829447e-09
3.1878637909745337e-09
6.9743585209444631e-07
1.8578776537252609e-07
7.4008618202257221e-06
2.3852286571622555e-07
-4.5197125390536366e-06
-3.9057231866798244e-07
-3.5204482198691336e-06
-3.6806496133550121e-08
-6.0405957431491561e-08
-1.2181378364843304e-10
-3.8808908532270603e-11
7.7029077809809602e-14
-5.5788791684232983e-13
-2.2338432564844811e-13
2.2338432564844864e-13
3.6203666570610554e-13
-3.1581921902021873e-13
6.1623262247847752e-14
1.2951548882318698e-12
-8.8583439481281216e-13
0
0
1.8718065907783768e-12
-6.1623262247847651e-13
5.8542099135455271e-13
-1.3094943227667638e-13
-4.7758028242082007e-13
3.3892794236316291e-13
3.0811631123923876e-14
1.1477332593661635e-12
4.6479345550439145e-11
5.1797094154486058e-08
3.6630001718436816e-07
8.0310266757722718e-05
0.00011069800992451365
0.0046804564558421318
0.0011746752647930983
0.0060089838630646535
-0.00071737515326266408
-0.0098394886949289082
-0.00055877054146471019
-0.00092724504405308783
-9.5877424999649186e-06
-3.0682586004508812e-06
-6.1835631415369388e-09
-3.8656272408074844e-10
-8.4731985590790527e-14
1.0784070893373355e-13
-4.082541123919923e-13
2.7730468011531486e-13
-3.1581921902021873e-13
-3.5433375792512456e-13
1.2863855994238209e-12
-4.698773746398395e-13
0
0
-1.0134258569472435e-12
8.9353730259379092e-13
-3.2790677120521854e-13
2.618988645533525e-13
-5.5026442259185839e-14
-2.0027560230550503e-13
2.0027560230550503e-13
3.9723895426518789e-11
4.4388139249510622e-08
1.6065293541188073e-06
0.00035237400265076787
0.0024908890011934165
0.10648941152118303
0.14516820804064587
1.1300155956649507
0.18637357868254081
-0.6901014564796728
-0.30517983776688523
-0.53752679168138395
-0.028759267975324999
-0.0092232286344156172
-9.5164563419976105e-05
-5.9486352679934521e-06
-1.1987681045782727e-08
-1.4643227691644788e-10
-1.3094943227667638e-13
2.0466024670952422e-13
1.5405815561961925e-14
-1.6946397118158065e-13
3.9284829683002909e-13
-3.0918269226630727e-13
-2.0797851008648601e-13
0
0
2.2800607031703687e-12
-1.508624130514708e-12
-1.6946397118158105e-13
-6.8220082236507122e-14
-5.2379772910670582e-13
3.444186745595028e-13
1.0707041815563546e-12
1.4524459914540007e-09
2.6903004711301382e-07
5.9013438627620565e-05
0.0021356739515323952
0.091499044259014242
0.64541271713770165
5.3325348044646574
6.8488164746871085
6.8461518425505012
-4.1825778710270951
-11.210320279334155
-3.2578509186740936
-1.0564282600081829
-0.055900290636196767
-0.0034957264658726996
-3.605358242214422e-05
-4.403550165996686e-07
-8.875290345246259e-10
-1.8575068630087343e-12
-9.397547492796804e-13
2.3768405341808989e-13
2.0027560230550455e-13
-1.2269348059953516e-12
2.1645170864556506e-12
-2.5968668896871404e-13
0
0
-2.8070575753582154e-12
2.6189886455335252e-12
7.4935452357452771e-13
-2.3108723342942853e-14
4.8196492682484244e-13
-1.1631390749281234e-12
1.9862441197007661e-12
1.720567699406591e-09
3.7736161835435727e-07
6.9892374606953572e-05
0.0029956612572949654
0.10836659654610635
0.90530573275668358
6.3155703144444066
9.6066790326477722
8.1082177483005324
-5.8668068102742215
-13.276906493380858
-4.5697133552332616
-1.2511773861583735
-0.078410065733215795
-0.0041401523109900196
-5.0571540325917527e-05
-5.2153286624058553e-07
-1.2446523511542552e-09
-2.5188508443807731e-12
1.0860702903530522e-12
-7.5488496253613376e-13
-2.2002635550623675e-14
-2.3108723342942872e-14
-2.5858854252944652e-12
2.2415461642654568e-12
0
0
4.2365992795395359e-13
-2.4219121863092478e-12
2.079785100864858e-13
-1.749547033779195e-13
-2.4649304899139101e-13
1.3380540715407839e-12
3.0041340345825773e-13
9.1790061293753785e-11
8.7334335955517225e-08
3.7435454427387683e-06
0.00069329706785813789
0.0058042853507797787
0.20951828531157013
0.33827187922010576
2.2233095910375242
0.43428889526747538
-1.3577770013672832
-0.71113199380825476
-1.0575858209121389
-0.067015028664271642
-0.018146734223700983
-0.00022175306943655461
-1.1703960274848719e-05
-2.7934132893260591e-08
-2.8793469285306816e-10
-3.1471313122789869e-13
-2.9271049567727747e-13
5.9750854353955474e-13
5.3920354466866606e-14
4.2034166457698716e-13
3.3892794236316236e-13
-2.4164214541128643e-12
0
0
5.006890057637634e-13
-1.9873502074930868e-12
-1.1554361671471435e-13
-2.8500758789629558e-13
-3.0041340345825773e-13
1.0321896426514507e-12
6.1623262247847752e-14
3.9207800605193098e-12
1.7863813434872959e-10
1.6930020736215767e-07
1.4179740341183763e-06
0.00026249630848196201
0.0004285197292774675
0.015298200248906596
0.0045472500052327804
0.019640528503298133
-0.0027770093294871758
-0.032160638566172822
-0.0021630397984448214
-0.0030307258484902457
-3.7114820854662282e-05
-1.0028687190667127e-05
-2.3937702575424295e-08
-1.263823782533327e-09
-4.3136283573493356e-13
4.7758028242082007e-13
-2.7730468011531552e-13
1.6176106340060033e-13
1.540581556196189e-13
-5.8542099135455362e-13
4.0825411239199104e-13
-1.1477332593661651e-12
0
0
-1.4635524783863805e-12
1.9949737017435695e-12
-1.2324652449569513e-13
5.4907892126902871e-13
4.6987737463983838e-13
-8.7038887248558919e-13
8.3961694812692429e-13
1.6835788338926129e-13
1.0244867348704661e-12
1.3233595567725284e-11
1.253116740717762e-08
2.0500710234911657e-08
3.7869803520880654e-06
1.1947714277673885e-06
4.0185655869787323e-05
1.5339020757256896e-06
-2.4541413227767408e-05
-2.511707809109589e-06
-1.9115547519049829e-05
-2.3669625510732955e-07
-3.2799676903989536e-07
-7.8315463409233378e-10
-2.1184536979253827e-10
4.6545302347056287e-13
-2.1568141786746643e-13
-1.2873725669203521e-13
1.3403059538906873e-12
-8.7481322365486652e-13
3.3122503458218007e-13
7.1194607246194065e-13
-3.4277939625365282e-12
1.6142526638637775e-12
0
0
1.727584104993842e-12
-8.6272567146986924e-13
2.4759913678371342e-13
-8.1650822478398328e-13
-1.0266592036898578e-12
1.4943641095103114e-12
-7.9557197026042043e-13
-3.6973957348708682e-13
3.2790677120521803e-13
9.2434893371771805e-14
6.1623262247847828e-14
3.5340940899140729e-11
1.128420685525695e-11
2.0635627770781196e-09
1.1986288399216233e-10
2.6486294346747491e-09
-7.3159122122680934e-11
-4.3371915522513648e-09
-5.6978961899627612e-11
-4.0897818572340429e-10
-9.2490197761326829e-13
-1.2016536138330336e-12
1.1443752892239401e-13
-1.0167838270894885e-12
3.6093057791378509e-13
1.116921628242242e-12
-1.1851020037134836e-12
6.7015297694534526e-13
-1.1443752892239522e-13
1.6176106340060058e-13
2.0961778839233818e-12
-8.8583439481281348e-13
0
0
-1.3557117694526452e-12
4.1923557678468025e-13
1.3634146772336252e-12
1.2652508110739246e-13
-6.9326170028828505e-13
-7.3943944020890837e-13
5.7001517579258995e-13
8.9570977141317694e-13
-3.6973957348708475e-13
-2.9875427176977808e-13
3.1581921902021837e-13
6.1623262247847487e-14
-2.4649304899139015e-13
-1.0205360140671437e-13
1.5405815561961883e-13
1.251623247499815e-13
1.2324652449569487e-13
-2.4070594146449691e-13
-3.0811631123923762e-14
8.3625897798471648e-14
2.0027560230550448e-13
9.24348933717713e-14
-8.0880531700299888e-13
7.5595134356319813e-13
5.3920354466866524e-14
-7.47142347989895e-13
1.5097699250722663e-12
-1.0266592036898458e-12
-5.7001517579258803e-13
2.4100231679505178e-13
-2.6420973688764638e-12
5.4026992569572083e-13
0
0
2.1281353096048577e-12
-1.9488356685881817e-12
-8.0765952244540358e-13
-9.2434893371771542e-13
-3.0262557904289686e-13
1.6099077262250236e-12
-4.4894112011627659e-13
-7.0866751585024852e-13
5.4358818907268246e-13
2.3108723342942907e-14
-1.6780483949310011e-13
1.8486978674354311e-13
-1.1609666061087508e-13
-1.4635524783863841e-13
1.5969707548131501e-13
1.3865234005765743e-13
-2.7207061648442321e-13
-4.3136283573493366e-13
3.7991132541815732e-13
1.8486978674354326e-13
-5.8980563575857215e-13
-3.0811631123923876e-14
8.1757460581104048e-13
5.3920354466866714e-14
6.9326170028828614e-14
-2.6189886455335291e-13
-1.1597811047858755e-12
3.8514538904904845e-14
1.1222535333775575e-13
1.6176106340060033e-13
3.411162938886464e-12
-2.4726333976948929e-12
0
0
4.6217446685885707e-14
1.8332126383429555e-12
-2.233843256484474e-13
1.3996773337886121e-12
1.1554361671471435e-13
-1.94105334727669e-12
-2.9271049567727636e-13
1.0563647470214572e-12
7.7029077809809476e-14
-2.7730468011531446e-13
1.0784070893373331e-12
-7.6476033913649279e-14
-5.9312389913553359e-13
2.2227823785612792e-13
-2.3108723342942865e-13
1.8022847377407119e-14
-3.1581921902021873e-13
-4.6365634351239478e-14
4.7758028242081926e-13
2.8500758789629538e-13
-8.3191404034594322e-13
-1.7550774727408207e-13
1.4635524783863818e-13
1.6065497560827996e-13
-3.7744248126806628e-13
4.5885620348189749e-13
1.4789582939483448e-12
-8.2859577696898481e-13
-3.2352212680119915e-13
2.8500758789629538e-13
-1.1708419827091064e-12
2.5528616185858705e-12
0
0
4.7315593125153496e-13
3.8514538904904877e-14
1.1664970450703389e-13
-1.5405815561961951e-14
-1.2797490726699117e-12
1.0784070893373382e-13
1.0574708348137762e-12
2.9271049567727701e-13
-4.6106837906653676e-13
2.1568141786746754e-13
-1.3154983920940067e-12
-2.6960177233433424e-13
5.0754249431787736e-13
1.8486978674354361e-13
2.1044735423657586e-14
1.6176106340060066e-13
4.9125287246162352e-13
-5.4690645244964895e-13
1.0234997673739011e-13
1.5405815561961966e-14
6.4901818859551912e-14
1.8486978674354361e-13
1.8542283063970383e-13
-7.0096460806926865e-13
5.3477919349939266e-13
1.2324652449569569e-12
-1.3204360803941596e-12
-8.2421113256496497e-13
5.6669691241563145e-13
1.3865234005765766e-13
4.40132124542984e-13
-1.4635524783863873e-13
0
0
0
6.7785588472632583e-13
0
1.4635524783863851e-13
0
-2.0027560230550566e-13
0
-6.239355302594589e-13
0
6.8555879250730761e-13
0
1.2324652449569566e-13
0
-1.0013780115275278e-13
0
-1.0784070893373377e-13
0
-2.6960177233433399e-13
0
1.5405815561961966e-14
0
1.9257269452452459e-13
0
1.4635524783863851e-13
0
-2.4649304899139136e-13
0
-7.7029077809809804e-14
0
8.4731985590790792e-14
0
-6.8555879250730781e-13
0
