0
0
-1.2416068173592977e-13
0
-1.0455636356709874e-13
0
2.5376700740764591e-13
0
-1.023781059927842e-13
0
5.4456439357863928e-14
0
-3.0495606040403801e-14
0
1.4049761354328894e-13
0
2.3960833317460131e-14
0
1.3178458324603071e-13
0
-1.7426060594516458e-14
0
2.6139090891774685e-14
0
9.0397689334054123e-14
0
-2.7881696951226333e-13
0
-1.2307155294877247e-13
0
-6.2080340867964886e-14
0
3.4852121189032916e-14
0
0
-3.3000602250865544e-13
2.5703439376911778e-13
8.2773787823953178e-14
3.9208636337662031e-14
-1.9604318168831016e-14
-5.6634696932178486e-14
-7.9506401462481335e-14
8.059553024963862e-14
8.386291661111045e-14
-1.32873712033188e-13
3.0495606040403801e-14
-4.3565151486291146e-14
1.3614109839465982e-13
-6.0991212080807601e-14
-9.8021590844155078e-15
1.3069545445887343e-14
1.52478030202019e-14
-1.8733015139105193e-13
9.1486818121211408e-14
7.8417272675324062e-14
5.9902083293650329e-14
3.4852121189032916e-14
-1.6228018928643451e-13
-2.1782575743145573e-14
6.5347727229436716e-14
3.4852121189032916e-14
-4.9010795422077541e-14
6.9704242378065832e-14
4.3565151486291146e-14
-2.6792568164069055e-13
1.3614109839465982e-13
1.3505196960750255e-13
0
0
2.1782575743145573e-14
2.2871704530302852e-14
2.8317348466089243e-14
-9.4754204482683238e-14
1.3940848475613166e-13
-3.8119507550504752e-14
1.3069545445887343e-14
-7.9506401462481335e-14
4.1386893911976589e-14
1.067346211414133e-13
-1.6119106049927724e-13
7.2971628739537662e-14
-1.3069545445887343e-14
4.3565151486291145e-15
-5.0099924209234819e-14
8.059553024963862e-14
-3.9208636337662031e-14
3.1584734827561079e-14
-4.3565151486291145e-15
2.1782575743145572e-15
-4.7921666634920262e-14
3.2673863614718357e-15
8.713030297258229e-15
-2.3960833317460131e-14
2.1782575743145573e-14
1.067346211414133e-13
-7.4060757526694947e-14
-1.7426060594516458e-14
-8.2773787823953178e-14
1.7970624988095097e-13
-8.4952045398267735e-14
4.5743409060605704e-14
0
0
2.1782575743145573e-14
-1.2416068173592977e-13
8.6041174185425008e-14
-8.713030297258229e-15
-9.4754204482683238e-14
2.6139090891774685e-14
5.5545568145021207e-14
-1.0891287871572787e-14
-3.0495606040403801e-14
-3.9208636337662031e-14
5.9902083293650329e-14
3.0495606040403801e-14
-5.6634696932178486e-14
4.1386893911976589e-14
-3.0495606040403801e-14
-4.5743409060605704e-14
1.0891287871572786e-13
-5.6634696932178486e-14
-1.8515189381673737e-14
2.1782575743145573e-14
-8.713030297258229e-15
3.0495606040403801e-14
1.52478030202019e-14
-3.4852121189032916e-14
1.3069545445887343e-14
-1.1762590901298609e-13
1.4049761354328894e-13
-7.4060757526694947e-14
1.0455636356709874e-13
-8.7130302972582293e-14
6.5347727229436713e-15
-8.4952045398267735e-14
0
0
-5.2278181783549371e-14
4.5743409060605704e-14
4.3565151486291146e-14
-1.2851719688455889e-13
5.0099924209234819e-14
1.2524981052308705e-13
-1.1762590901298609e-13
6.2080340867964886e-14
-3.9208636337662031e-14
3.7030378763347474e-14
-4.3565151486291146e-14
-6.5347727229436713e-15
1.9604318168831016e-14
1.4921064384054717e-13
1.3069545445887343e-14
2.0105317410923365e-12
0
9.0942253727632764e-13
-4.3565151486291145e-15
2.1782575743145573e-14
-2.1782575743145573e-14
-5.7723825719335771e-14
3.4852121189032916e-14
8.9308560546896851e-14
-7.4060757526694947e-14
3.2673863614718357e-15
6.3169469655122159e-14
-1.1980416658730066e-13
1.0455636356709874e-13
2.0693446955988294e-14
-2.8099522708657787e-13
1.0891287871572786e-13
0
0
-6.5347727229436713e-15
-3.2673863614718358e-14
7.4060757526694947e-14
3.0495606040403801e-14
-1.0891287871572787e-14
0
-6.3169469655122159e-14
0
5.2278181783549371e-14
-7.4060757526694947e-14
3.90997234589463e-13
2.701039392150051e-13
5.2075168177623256e-10
1.9295005593278349e-11
3.085244166145529e-08
6.1945288898357382e-11
6.9794548580581765e-08
4.671273368117568e-11
6.0286099212714105e-09
3.7444247702467236e-12
1.9880956880768965e-11
-4.3565151486291145e-15
-1.8515189381673737e-14
1.0891287871572787e-14
5.0099924209234819e-14
-1.9604318168831016e-14
-5.6634696932178486e-14
1.3069545445887343e-14
-1.52478030202019e-14
6.5347727229436716e-14
-5.5545568145021207e-14
1.8733015139105193e-13
0
0
4.3565151486291146e-14
6.4258598442279444e-14
-3.9208636337662031e-14
-3.8119507550504752e-14
3.0495606040403801e-14
6.0991212080807601e-14
-8.4952045398267735e-14
-5.4456439357863933e-15
5.6634696932178486e-14
7.4049866238823372e-12
1.8839749760246605e-10
5.9551110452860101e-08
5.7309721528397975e-08
1.8117268993214086e-05
7.1835794189123449e-07
0.0002098663480667562
9.5350587227871489e-07
9.2756286273170118e-05
2.9724469531755563e-07
1.5633308562490457e-06
4.9374303046079151e-09
9.9968517464077428e-10
3.1693647706276809e-12
5.1189052996392098e-14
-1.52478030202019e-14
-7.0793371165223104e-14
7.1882499952380389e-14
7.2971628739537662e-14
-8.7130302972582293e-14
1.7426060594516458e-14
-1.9168666653968105e-13
1.3396284082034528e-13
0
0
6.9704242378065832e-14
-1.1326939386435697e-13
1.9604318168831016e-14
-5.6634696932178486e-14
-5.8812954506493044e-14
6.9704242378065832e-14
2.2871704530302852e-14
1.067346211414133e-13
2.6847024603426918e-12
4.2284662771230335e-09
2.3238741693965005e-07
6.5640201721461903e-06
0.00039784166840917123
0.00039508417126648653
0.023993845162800533
0.0012664832402598481
0.054384853918190139
0.00095452688053002002
0.0046637494415333646
7.6184607668090544e-05
1.475534633361253e-05
2.5052683837456514e-07
1.4523804658939099e-09
3.1552060963946361e-11
-3.2673863614718357e-15
-4.3565151486291146e-14
4.6832537847762983e-14
-9.1486818121211408e-14
8.7130302972582293e-14
7.8417272675324062e-14
-1.0891287871572787e-14
-3.0495606040403801e-14
0
0
3.9208636337662031e-14
-1.7426060594516458e-14
8.713030297258229e-15
2.6139090891774685e-14
-2.1782575743145573e-14
-1.4158674233044621e-14
3.0495606040403801e-14
-3.0157976116385047e-12
3.623350679493598e-09
-8.7228292978691612e-08
2.8764014921971449e-05
0.00014512521029956928
0.0087374305447233767
0.093464826208941795
0.10891245864876811
1.184574308874331
0.14384275835971447
0.51140292250945008
0.045234654623281641
0.0067692301334448214
0.00075338684959805227
-1.8840489169780207e-06
4.8556367980401312e-07
-8.3370739312194079e-10
1.1932494992095144e-11
1.4158674233044621e-14
-4.3565151486291145e-15
1.1980416658730065e-14
2.1782575743145572e-15
-7.8417272675324062e-14
3.0495606040403801e-14
-5.9902083293650329e-14
0
0
1.1000200750288514e-13
-3.0495606040403801e-14
-4.6832537847762983e-14
-5.6634696932178486e-14
2.1782575743145573e-14
0
-1.0346723477994147e-13
1.1856038151236703e-10
-2.1680969829462884e-08
4.8104135590665288e-06
-0.00016297337338326724
0.0074214071231888373
-0.035331560965013012
0.43281365411759765
0.38400814818306084
1.2424998137653629
1.4901466700558141
0.99891079141236883
-0.070129590928748153
0.085303039903816102
-0.0038931470925177305
0.00028446609116442593
-2.8581458646415039e-06
3.5923782528701767e-08
-7.2027354081072301e-11
1.3505196960750255e-13
2.3960833317460131e-14
-6.5347727229436713e-15
6.5347727229436716e-14
8.7130302972582293e-14
-1.4376499990476078e-13
4.5743409060605704e-14
0
0
1.0455636356709874e-13
-1.5574541656349085e-13
-6.5347727229436716e-14
6.5347727229436716e-14
-4.7921666634920262e-14
3.9208636337662031e-14
1.4376499990476078e-13
-1.4033206596764104e-10
3.0568198652325407e-08
-5.6915221078390754e-06
0.00023497030228899042
-0.0087444584433230433
0.059443403403954556
-0.49894040459574546
0.046946681483551293
-1.313403170364716
-0.76549670322889396
-1.1131472730303764
0.21279883906995012
-0.099848314849546191
0.0058382757271180944
-0.00033614586817855898
4.0565971845252242e-06
-4.2527485123455833e-08
1.01241055538992e-10
-2.134692422828266e-13
-4.3565151486291146e-14
1.6336931807359179e-14
6.5347727229436716e-14
2.504996210461741e-14
1.1762590901298609e-13
-2.0257795441125382e-13
0
0
5.0099924209234819e-14
-2.6139090891774685e-14
-5.1189052996392098e-14
-1.3069545445887343e-14
-3.1584734827561079e-14
-2.1782575743145572e-15
2.9406477253246522e-14
7.2296368891500158e-12
-7.1287410874365524e-09
2.4400018837411609e-07
-5.6582296204891196e-05
-1.4718744156723141e-05
-0.017173854929838878
-0.11973188616800319
-0.21327438357076739
-1.6251030935808914
-0.28072348827799493
-0.68985652035577238
-0.0888017294904732
-0.0073030764378834052
-0.0014816394138393463
9.8500708661175554e-06
-9.5526608737239729e-07
2.0771080055936863e-09
-2.3454388431431995e-11
-6.0991212080807601e-14
-1.6336931807359179e-14
2.1782575743145573e-14
6.2080340867964886e-14
-9.5843333269840523e-14
2.0475621198556839e-13
-1.1762590901298609e-13
0
0
-6.5347727229436716e-14
6.0991212080807601e-14
9.1486818121211408e-14
-5.4456439357863928e-14
6.7525984803751274e-14
-7.2971628739537662e-14
-1.3069545445887343e-14
-3.5069946946464372e-13
-4.1822545426839497e-13
-1.3820886385351729e-08
-4.9542398311785979e-07
-2.1453865476759317e-05
-0.00091303689326810661
-0.001291096526435759
-0.055734913522318033
-0.0041366767256300011
-0.12649471351083053
-0.0031186336859417431
-0.010794800164816397
-0.00024899014963422953
-3.3175453874725313e-05
-8.1884004239141105e-07
-2.6065117264550964e-09
-1.0315138743166586e-10
3.7030378763347474e-14
9.1486818121211408e-14
-8.4952045398267735e-14
-2.1782575743145573e-14
1.7426060594516458e-14
-2.2871704530302852e-14
-3.4852121189032916e-14
1.1544765143867154e-13
0
0
-9.6932462056997796e-14
2.6139090891774685e-14
3.5941249976190195e-14
8.713030297258229e-15
-1.52478030202019e-14
6.5347727229436716e-14
-2.0693446955988294e-14
-6.5347727229436716e-14
-1.067346211414133e-13
-2.8058135814745811e-11
-1.0232234259888175e-09
-2.2985941070530205e-07
-3.1118163708820924e-07
-7.0093058344729013e-05
-3.9004477240534019e-06
-0.00081227847359113044
-5.177096309330054e-06
-0.00035896901620212644
-1.6139709338802712e-06
-6.0440208431100656e-06
-2.6809579266595664e-08
-3.8443545147259789e-09
-1.7282295594611698e-11
-6.3169469655122159e-14
-1.52478030202019e-14
2.1782575743145573e-14
1.1109113629004241e-13
-9.5843333269840523e-14
1.8515189381673737e-14
-1.3940848475613166e-13
-1.0891287871572786e-13
2.9188651495815065e-13
0
0
-9.1486818121211408e-14
8.9308560546896851e-14
-6.5347727229436716e-14
5.9902083293650329e-14
1.5247803020201901e-13
-8.9308560546896851e-14
-2.6139090891774685e-14
0
-4.3565151486291146e-14
1.7426060594516458e-14
-2.1521184834227826e-12
-2.9014390889869901e-12
-3.3482454608879667e-09
-1.742344668542728e-10
-1.984022869194746e-07
-5.5888861538733182e-10
-4.4883143697660447e-07
-4.2101144570594329e-10
-3.8767388879090706e-08
-3.3580018765633217e-11
-1.2779837188503508e-10
-9.1486818121211408e-14
-6.5347727229436716e-14
-4.029776512481931e-14
6.7525984803751274e-14
8.4952045398267735e-14
-8.9308560546896851e-14
4.029776512481931e-14
-7.6239015101009505e-14
5.9902083293650329e-14
-3.7030378763347474e-14
-3.4852121189032916e-14
0
0
-2.3960833317460131e-14
4.5743409060605704e-14
7.8417272675324062e-14
-1.3069545445887343e-13
-5.7723825719335771e-14
1.7426060594516459e-13
-1.6554757564790636e-13
6.9704242378065832e-14
5.4456439357863933e-15
3.9208636337662031e-14
-3.1584734827561079e-14
-2.6139090891774685e-14
-9.8021590844155078e-15
-1.8101320442553971e-12
1.1980416658730065e-14
-2.1449302334275446e-11
1.3069545445887343e-14
-9.4732421906940095e-12
2.6139090891774685e-14
-2.1129098470851205e-13
1.52478030202019e-14
-4.3565151486291145e-15
-1.1980416658730065e-14
2.6139090891774685e-14
1.52478030202019e-14
-3.0495606040403801e-14
1.3178458324603071e-13
-1.1762590901298609e-13
-5.7723825719335771e-14
8.713030297258229e-15
3.0495606040403801e-14
6.7525984803751274e-14
0
0
-8.2773787823953178e-14
1.7099321958369274e-13
-6.3169469655122159e-14
9.4754204482683238e-14
1.7426060594516458e-14
-1.219824241616152e-13
7.1882499952380389e-14
-6.9704242378065832e-14
3.0495606040403801e-14
3.3762992401875637e-14
-3.2673863614718358e-14
6.3169469655122159e-14
-6.0991212080807601e-14
5.4456439357863933e-15
-3.0495606040403801e-14
8.6041174185425008e-14
-6.9704242378065832e-14
-2.2871704530302852e-14
1.9604318168831016e-14
8.6041174185425008e-14
-6.5347727229436716e-14
-4.6832537847762983e-14
5.2278181783549371e-14
3.2673863614718358e-14
-9.1486818121211408e-14
1.2524981052308705e-13
-1.1326939386435697e-13
1.9604318168831016e-14
1.0019984841846964e-13
-1.1435852265151424e-13
-1.8733015139105193e-13
3.1475821948845352e-13
0
0
-1.7426060594516458e-14
-1.7426060594516459e-13
1.7208234837085002e-13
-2.0039969683693928e-13
1.8624102260389463e-13
5.2278181783549371e-14
-1.0564549235425603e-13
-5.4456439357863928e-14
1.5138890141486174e-13
-7.4060757526694947e-14
4.2476022699133868e-14
-8.059553024963862e-14
4.5743409060605704e-14
-3.9208636337662031e-14
1.4158674233044621e-14
1.3069545445887343e-14
-6.5347727229436713e-15
8.2773787823953178e-14
-7.7328143888166777e-14
-5.8812954506493044e-14
2.7228219678931964e-14
7.6239015101009505e-14
-6.0991212080807601e-14
2.8317348466089243e-14
-4.3565151486291145e-15
-4.3565151486291146e-14
1.4812151505338989e-13
-9.8021590844155081e-14
-2.1782575743145573e-14
-4.3565151486291146e-14
-1.4158674233044621e-14
-8.713030297258229e-15
0
0
4.3565151486291145e-15
1.0891287871572787e-14
-7.1882499952380389e-14
1.2960632567171616e-13
2.8317348466089243e-14
-1.6119106049927724e-13
4.3565151486291145e-15
1.9168666653968105e-13
-1.7426060594516459e-13
1.4376499990476078e-13
-9.1486818121211408e-14
-7.4060757526694947e-14
1.219824241616152e-13
-6.2080340867964886e-14
1.7426060594516458e-14
2.2871704530302852e-14
-1.219824241616152e-13
4.3565151486291146e-14
1.3069545445887343e-14
7.1882499952380389e-14
1.7426060594516458e-14
-6.3169469655122159e-14
-3.9208636337662031e-14
-7.0793371165223104e-14
2.134692422828266e-13
1.1435852265151424e-13
-3.7466030278210386e-13
1.3831935596897439e-13
0
9.0397689334054123e-14
-8.059553024963862e-14
-4.3565151486291145e-15
0
0
0
1.9168666653968105e-13
0
1.52478030202019e-14
0
-1.8515189381673736e-13
0
4.0079939367387855e-13
0
-7.8417272675324062e-14
0
2.6139090891774685e-14
0
8.7130302972582293e-14
0
4.3565151486291146e-14
0
-1.9604318168831016e-14
0
-2.6139090891774685e-14
0
-2.6139090891774685e-14
0
-1.8079537866810825e-13
0
2.4832136347185955e-13
0
-9.5843333269840523e-14
0
-2.6139090891774685e-14
0
5.6634696932178486e-14
0
