1 29 30
1 30 2
2 30 31
2 31 3
3 31 32
3 32 4
4 32 33
4 33 5
5 33 34
5 34 6
6 34 35
6 35 7
7 35 36
7 36 8
8 36 37
8 37 9
9 37 38
9 38 10
10 38 39
10 39 11
11 39 40
11 40 12
12 40 41
12 41 13
13 41 42
13 42 14
14 42 43
14 43 15
15 43 44
15 44 16
16 44 45
16 45 17
17 45 46
17 46 18
18 46 47
18 47 19
19 47 48
19 48 20
20 48 49
20 49 21
21 49 50
21 50 22
22 50 51
22 51 23
23 51 52
23 52 24
24 52 53
24 53 25
25 53 54
25 54 26
26 54 55
26 55 27
27 55 56
27 56 28
29 57 30
30 57 58
30 58 31
31 58 59
31 59 32
32 59 60
32 60 33
33 60 61
33 61 34
34 61 62
34 62 35
35 62 63
35 63 36
36 63 64
36 64 37
37 64 65
37 65 38
38 65 66
38 66 39
39 66 67
39 67 40
40 67 68
40 68 41
41 68 69
41 69 42
42 69 70
42 70 43
43 70 71
43 71 44
44 71 72
44 72 45
45 72 73
45 73 46
46 73 74
46 74 47
47 74 75
47 75 48
48 75 76
48 76 49
49 76 77
49 77 50
50 77 78
50 78 51
51 78 79
51 79 52
52 79 80
52 80 53
53 80 81
53 81 54
54 81 82
54 82 55
55 82 83
55 83 56
56 83 84
57 85 86
57 86 58
58 86 87
58 87 59
59 87 88
59 88 60
60 88 89
60 89 61
61 89 90
61 90 62
62 90 91
62 91 63
63 91 92
63 92 64
64 92 93
64 93 65
65 93 94
65 94 66
66 94 95
66 95 67
67 95 96
67 96 68
68 96 97
68 97 69
69 97 98
69 98 70
70 98 99
70 99 71
71 99 100
71 100 72
72 100 101
72 101 73
73 101 102
73 102 74
74 102 103
74 103 75
75 103 104
75 104 76
76 104 105
76 105 77
77 105 106
77 106 78
78 106 107
78 107 79
79 107 108
79 108 80
80 108 109
80 109 81
81 109 110
81 110 82
82 110 111
82 111 83
83 111 112
83 112 84
85 113 86
86 113 114
86 114 87
87 114 115
87 115 88
88 115 116
88 116 89
89 116 117
89 117 90
90 117 118
90 118 91
91 118 119
91 119 92
92 119 120
92 120 93
93 120 121
93 121 94
94 121 122
94 122 95
95 122 123
95 123 96
96 123 124
96 124 97
97 124 125
97 125 98
98 125 126
98 126 99
99 126 127
99 127 100
100 127 128
100 128 101
101 128 129
101 129 102
102 129 130
102 130 103
103 130 131
103 131 104
104 131 132
104 132 105
105 132 133
105 133 106
106 133 134
106 134 107
107 134 135
107 135 108
108 135 136
108 136 109
109 136 137
109 137 110
110 137 138
110 138 111
111 138 139
111 139 112
112 139 140
113 141 142
113 142 114
114 142 143
114 143 115
115 143 144
115 144 116
116 144 145
116 145 117
117 145 146
117 146 118
118 146 147
118 147 119
119 147 148
119 148 120
120 148 149
120 149 121
121 149 150
121 150 122
122 150 151
122 151 123
123 151 152
123 152 124
124 152 153
124 153 125
125 153 154
125 154 126
126 154 155
126 155 127
127 155 156
127 156 128
128 156 157
128 157 129
129 157 158
129 158 130
130 158 159
130 159 131
131 159 160
131 160 132
132 160 161
132 161 133
133 161 162
133 162 134
134 162 163
134 163 135
135 163 164
135 164 136
136 164 165
136 165 137
137 165 166
137 166 138
138 166 167
138 167 139
139 167 168
139 168 140
141 169 142
142 169 170
142 170 143
143 170 171
143 171 144
144 171 172
144 172 145
145 172 173
145 173 146
146 173 174
146 174 147
147 174 175
147 175 148
148 175 176
148 176 149
149 176 177
149 177 150
150 177 178
150 178 151
151 178 179
151 179 152
152 179 180
152 180 153
153 180 181
153 181 154
154 181 182
154 182 155
155 182 183
155 183 156
156 183 184
156 184 157
157 184 185
157 185 158
158 185 186
158 186 159
159 186 187
159 187 160
160 187 188
160 188 161
161 188 189
161 189 162
162 189 190
162 190 163
163 190 191
163 191 164
164 191 192
164 192 165
165 192 193
165 193 166
166 193 194
166 194 167
167 194 195
167 195 168
168 195 196
169 197 198
169 198 170
170 198 199
170 199 171
171 199 200
171 200 172
172 200 201
172 201 173
173 201 202
173 202 174
174 202 203
174 203 175
175 203 204
175 204 176
176 204 205
176 205 177
177 205 206
177 206 178
178 206 207
178 207 179
179 207 208
179 208 180
180 208 209
180 209 181
181 209 210
181 210 182
182 210 211
182 211 183
183 211 212
183 212 184
184 212 213
184 213 185
185 213 214
185 214 186
186 214 215
186 215 187
187 215 216
187 216 188
188 216 217
188 217 189
189 217 218
189 218 190
190 218 219
190 219 191
191 219 220
191 220 192
192 220 221
192 221 193
193 221 222
193 222 194
194 222 223
194 223 195
195 223 224
195 224 196
197 225 198
198 225 226
198 226 199
199 226 227
199 227 200
200 227 228
200 228 201
201 228 229
201 229 202
202 229 230
202 230 203
203 230 231
203 231 204
204 231 232
204 232 205
205 232 233
205 233 206
206 233 234
206 234 207
207 234 235
207 235 208
208 235 236
208 236 209
209 236 237
209 237 210
210 237 238
210 238 211
211 238 239
211 239 212
212 239 240
212 240 213
213 240 241
213 241 214
214 241 242
214 242 215
215 242 243
215 243 216
216 243 244
216 244 217
217 244 245
217 245 218
218 245 246
218 246 219
219 246 247
219 247 220
220 247 248
220 248 221
221 248 249
221 249 222
222 249 250
222 250 223
223 250 251
223 251 224
224 251 252
225 253 254
225 254 226
226 254 255
226 255 227
227 255 256
227 256 228
228 256 257
228 257 229
229 257 258
229 258 230
230 258 259
230 259 231
231 259 260
231 260 232
232 260 261
232 261 233
233 261 262
233 262 234
234 262 263
234 263 235
235 263 264
235 264 236
236 264 265
236 265 237
237 265 266
237 266 238
238 266 267
238 267 239
239 267 268
239 268 240
240 268 269
240 269 241
241 269 270
241 270 242
242 270 271
242 271 243
243 271 272
243 272 244
244 272 273
244 273 245
245 273 274
245 274 246
246 274 275
246 275 247
247 275 276
247 276 248
248 276 277
248 277 249
249 277 278
249 278 250
250 278 279
250 279 251
251 279 280
251 280 252
253 281 254
254 281 282
254 282 255
255 282 283
255 283 256
256 283 284
256 284 257
257 284 285
257 285 258
258 285 286
258 286 259
259 286 287
259 287 260
260 287 288
260 288 261
261 288 289
261 289 262
262 289 290
262 290 263
263 290 291
263 291 264
264 291 292
264 292 265
265 292 293
265 293 266
266 293 294
266 294 267
267 294 295
267 295 268
268 295 296
268 296 269
269 296 297
269 297 270
270 297 298
270 298 271
271 298 299
271 299 272
272 299 300
272 300 273
273 300 301
273 301 274
274 301 302
274 302 275
275 302 303
275 303 276
276 303 304
276 304 277
277 304 305
277 305 278
278 305 306
278 306 279
279 306 307
279 307 280
280 307 308
281 309 310
281 310 282
282 310 311
282 311 283
283 311 312
283 312 284
284 312 313
284 313 285
285 313 314
285 314 286
286 314 315
286 315 287
287 315 316
287 316 288
288 316 317
288 317 289
289 317 318
289 318 290
290 318 319
290 319 291
291 319 320
291 320 292
292 320 321
292 321 293
293 321 322
293 322 294
294 322 323
294 323 295
295 323 324
295 324 296
296 324 325
296 325 297
297 325 326
297 326 298
298 326 327
298 327 299
299 327 328
299 328 300
300 328 329
300 329 301
301 329 330
301 330 302
302 330 331
302 331 303
303 331 332
303 332 304
304 332 333
304 333 305
305 333 334
305 334 306
306 334 335
306 335 307
307 335 336
307 336 308
309 337 310
310 337 338
310 338 311
311 338 339
311 339 312
312 339 340
312 340 313
313 340 341
313 341 314
314 341 342
314 342 315
315 342 343
315 343 316
316 343 344
316 344 317
317 344 345
317 345 318
318 345 346
318 346 319
319 346 347
319 347 320
320 347 348
320 348 321
321 348 349
321 349 322
322 349 350
322 350 323
323 350 351
323 351 324
324 351 352
324 352 325
325 352 353
325 353 326
326 353 354
326 354 327
327 354 355
327 355 328
328 355 356
328 356 329
329 356 357
329 357 330
330 357 358
330 358 331
331 358 359
331 359 332
332 359 360
332 360 333
333 360 361
333 361 334
334 361 362
334 362 335
335 362 363
335 363 336
336 363 364
337 365 366
337 366 338
338 366 367
338 367 339
339 367 368
339 368 340
340 368 369
340 369 341
341 369 370
341 370 342
342 370 371
342 371 343
343 371 372
343 372 344
344 372 373
344 373 345
345 373 374
345 374 346
346 374 375
346 375 347
347 375 376
347 376 348
348 376 377
348 377 349
349 377 378
349 378 350
350 378 379
350 379 351
351 379 380
351 380 352
352 380 381
352 381 353
353 381 382
353 382 354
354 382 383
354 383 355
355 383 384
355 384 356
356 384 385
356 385 357
357 385 386
357 386 358
358 386 387
358 387 359
359 387 388
359 388 360
360 388 389
360 389 361
361 389 390
361 390 362
362 390 391
362 391 363
363 391 392
363 392 364
365 393 366
366 393 394
366 394 367
367 394 395
367 395 368
368 395 396
368 396 369
369 396 397
369 397 370
370 397 398
370 398 371
371 398 399
371 399 372
372 399 400
372 400 373
373 400 401
373 401 374
374 401 402
374 402 375
375 402 403
375 403 376
376 403 404
376 404 377
377 404 405
377 405 378
378 405 406
378 406 379
379 406 407
379 407 380
380 407 408
380 408 381
381 408 409
381 409 382
382 409 410
382 410 383
383 410 411
383 411 384
384 411 412
384 412 385
385 412 413
385 413 386
386 413 414
386 414 387
387 414 415
387 415 388
388 415 416
388 416 389
389 416 417
389 417 390
390 417 418
390 418 391
391 418 419
391 419 392
392 419 420
393 421 422
393 422 394
394 422 423
394 423 395
395 423 424
395 424 396
396 424 425
396 425 397
397 425 426
397 426 398
398 426 427
398 427 399
399 427 428
399 428 400
400 428 429
400 429 401
401 429 430
401 430 402
402 430 431
402 431 403
403 431 432
403 432 404
404 432 433
404 433 405
405 433 434
405 434 406
406 434 435
406 435 407
407 435 436
407 436 408
408 436 437
408 437 409
409 437 438
409 438 410
410 438 439
410 439 411
411 439 440
411 440 412
412 440 441
412 441 413
413 441 442
413 442 414
414 442 443
414 443 415
415 443 444
415 444 416
416 444 445
416 445 417
417 445 446
417 446 418
418 446 447
418 447 419
419 447 448
419 448 420
421 449 422
422 449 450
422 450 423
423 450 451
423 451 424
424 451 452
424 452 425
425 452 453
425 453 426
426 453 454
426 454 427
427 454 455
427 455 428
428 455 456
428 456 429
429 456 457
429 457 430
430 457 458
430 458 431
431 458 459
431 459 432
432 459 460
432 460 433
433 460 461
433 461 434
434 461 462
434 462 435
435 462 463
435 463 436
436 463 464
436 464 437
437 464 465
437 465 438
438 465 466
438 466 439
439 466 467
439 467 440
440 467 468
440 468 441
441 468 469
441 469 442
442 469 470
442 470 443
443 470 471
443 471 444
444 471 472
444 472 445
445 472 473
445 473 446
446 473 474
446 474 447
447 474 475
447 475 448
448 475 476
449 477 478
449 478 450
450 478 479
450 479 451
451 479 480
451 480 452
452 480 481
452 481 453
453 481 482
453 482 454
454 482 483
454 483 455
455 483 484
455 484 456
456 484 485
456 485 457
457 485 486
457 486 458
458 486 487
458 487 459
459 487 488
459 488 460
460 488 489
460 489 461
461 489 490
461 490 462
462 490 491
462 491 463
463 491 492
463 492 464
464 492 493
464 493 465
465 493 494
465 494 466
466 494 495
466 495 467
467 495 496
467 496 468
468 496 497
468 497 469
469 497 498
469 498 470
470 498 499
470 499 471
471 499 500
471 500 472
472 500 501
472 501 473
473 501 502
473 502 474
474 502 503
474 503 475
475 503 504
475 504 476
477 505 478
478 505 506
478 506 479
479 506 507
479 507 480
480 507 508
480 508 481
481 508 509
481 509 482
482 509 510
482 510 483
483 510 511
483 511 484
484 511 512
484 512 485
485 512 513
485 513 486
486 513 514
486 514 487
487 514 515
487 515 488
488 515 516
488 516 489
489 516 517
489 517 490
490 517 518
490 518 491
491 518 519
491 519 492
492 519 520
492 520 493
493 520 521
493 521 494
494 521 522
494 522 495
495 522 523
495 523 496
496 523 524
496 524 497
497 524 525
497 525 498
498 525 526
498 526 499
499 526 527
499 527 500
500 527 528
500 528 501
501 528 529
501 529 502
502 529 530
502 530 503
503 530 531
503 531 504
504 531 532
505 533 534
505 534 506
506 534 535
506 535 507
507 535 536
507 536 508
508 536 537
508 537 509
509 537 538
509 538 510
510 538 539
510 539 511
511 539 540
511 540 512
512 540 541
512 541 513
513 541 542
513 542 514
514 542 543
514 543 515
515 543 544
515 544 516
516 544 545
516 545 517
517 545 546
517 546 518
518 546 547
518 547 519
519 547 548
519 548 520
520 548 549
520 549 521
521 549 550
521 550 522
522 550 551
522 551 523
523 551 552
523 552 524
524 552 553
524 553 525
525 553 554
525 554 526
526 554 555
526 555 527
527 555 556
527 556 528
528 556 557
528 557 529
529 557 558
529 558 530
530 558 559
530 559 531
531 559 560
531 560 532
533 561 534
534 561 562
534 562 535
535 562 563
535 563 536
536 563 564
536 564 537
537 564 565
537 565 538
538 565 566
538 566 539
539 566 567
539 567 540
540 567 568
540 568 541
541 568 569
541 569 542
542 569 570
542 570 543
543 570 571
543 571 544
544 571 572
544 572 545
545 572 573
545 573 546
546 573 574
546 574 547
547 574 575
547 575 548
548 575 576
548 576 549
549 576 577
549 577 550
550 577 578
550 578 551
551 578 579
551 579 552
552 579 580
552 580 553
553 580 581
553 581 554
554 581 582
554 582 555
555 582 583
555 583 556
556 583 584
556 584 557
557 584 585
557 585 558
558 585 586
558 586 559
559 586 587
559 587 560
560 587 588
561 589 590
561 590 562
562 590 591
562 591 563
563 591 592
563 592 564
564 592 593
564 593 565
565 593 594
565 594 566
566 594 595
566 595 567
567 595 596
567 596 568
568 596 597
568 597 569
569 597 598
569 598 570
570 598 599
570 599 571
571 599 600
571 600 572
572 600 601
572 601 573
573 601 602
573 602 574
574 602 603
574 603 575
575 603 604
575 604 576
576 604 605
576 605 577
577 605 606
577 606 578
578 606 607
578 607 579
579 607 608
579 608 580
580 608 609
580 609 581
581 609 610
581 610 582
582 610 611
582 611 583
583 611 612
583 612 584
584 612 613
584 613 585
585 613 614
585 614 586
586 614 615
586 615 587
587 615 616
587 616 588
589 617 590
590 617 618
590 618 591
591 618 619
591 619 592
592 619 620
592 620 593
593 620 621
593 621 594
594 621 622
594 622 595
595 622 623
595 623 596
596 623 624
596 624 597
597 624 625
597 625 598
598 625 626
598 626 599
599 626 627
599 627 600
600 627 628
600 628 601
601 628 629
601 629 602
602 629 630
602 630 603
603 630 631
603 631 604
604 631 632
604 632 605
605 632 633
605 633 606
606 633 634
606 634 607
607 634 635
607 635 608
608 635 636
608 636 609
609 636 637
609 637 610
610 637 638
610 638 611
611 638 639
611 639 612
612 639 640
612 640 613
613 640 641
613 641 614
614 641 642
614 642 615
615 642 643
615 643 616
616 643 644
617 645 646
617 646 618
618 646 647
618 647 619
619 647 648
619 648 620
620 648 649
620 649 621
621 649 650
621 650 622
622 650 651
622 651 623
623 651 652
623 652 624
624 652 653
624 653 625
625 653 654
625 654 626
626 654 655
626 655 627
627 655 656
627 656 628
628 656 657
628 657 629
629 657 658
629 658 630
630 658 659
630 659 631
631 659 660
631 660 632
632 660 661
632 661 633
633 661 662
633 662 634
634 662 663
634 663 635
635 663 664
635 664 636
636 664 665
636 665 637
637 665 666
637 666 638
638 666 667
638 667 639
639 667 668
639 668 640
640 668 669
640 669 641
641 669 670
641 670 642
642 670 671
642 671 643
643 671 672
643 672 644
645 673 646
646 673 674
646 674 647
647 674 675
647 675 648
648 675 676
648 676 649
649 676 677
649 677 650
650 677 678
650 678 651
651 678 679
651 679 652
652 679 680
652 680 653
653 680 681
653 681 654
654 681 682
654 682 655
655 682 683
655 683 656
656 683 684
656 684 657
657 684 685
657 685 658
658 685 686
658 686 659
659 686 687
659 687 660
660 687 688
660 688 661
661 688 689
661 689 662
662 689 690
662 690 663
663 690 691
663 691 664
664 691 692
664 692 665
665 692 693
665 693 666
666 693 694
666 694 667
667 694 695
667 695 668
668 695 696
668 696 669
669 696 697
669 697 670
670 697 698
670 698 671
671 698 699
671 699 672
672 699 700
673 701 702
673 702 674
674 702 703
674 703 675
675 703 704
675 704 676
676 704 705
676 705 677
677 705 706
677 706 678
678 706 707
678 707 679
679 707 708
679 708 680
680 708 709
680 709 681
681 709 710
681 710 682
682 710 711
682 711 683
683 711 712
683 712 684
684 712 713
684 713 685
685 713 714
685 714 686
686 714 715
686 715 687
687 715 716
687 716 688
688 716 717
688 717 689
689 717 718
689 718 690
690 718 719
690 719 691
691 719 720
691 720 692
692 720 721
692 721 693
693 721 722
693 722 694
694 722 723
694 723 695
695 723 724
695 724 696
696 724 725
696 725 697
697 725 726
697 726 698
698 726 727
698 727 699
699 727 728
699 728 700
701 729 702
702 729 730
702 730 703
703 730 731
703 731 704
704 731 732
704 732 705
705 732 733
705 733 706
706 733 734
706 734 707
707 734 735
707 735 708
708 735 736
708 736 709
709 736 737
709 737 710
710 737 738
710 738 711
711 738 739
711 739 712
712 739 740
712 740 713
713 740 741
713 741 714
714 741 742
714 742 715
715 742 743
715 743 716
716 743 744
716 744 717
717 744 745
717 745 718
718 745 746
718 746 719
719 746 747
719 747 720
720 747 748
720 748 721
721 748 749
721 749 722
722 749 750
722 750 723
723 750 751
723 751 724
724 751 752
724 752 725
725 752 753
725 753 726
726 753 754
726 754 727
727 754 755
727 755 728
728 755 756
729 757 758
729 758 730
730 758 759
730 759 731
731 759 760
731 760 732
732 760 761
732 761 733
733 761 762
733 762 734
734 762 763
734 763 735
735 763 764
735 764 736
736 764 765
736 765 737
737 765 766
737 766 738
738 766 767
738 767 739
739 767 768
739 768 740
740 768 769
740 769 741
741 769 770
741 770 742
742 770 771
742 771 743
743 771 772
743 772 744
744 772 773
744 773 745
745 773 774
745 774 746
746 774 775
746 775 747
747 775 776
747 776 748
748 776 777
748 777 749
749 777 778
749 778 750
750 778 779
750 779 751
751 779 780
751 780 752
752 780 781
752 781 753
753 781 782
753 782 754
754 782 783
754 783 755
755 783 784
755 784 756
757 785 758
758 785 786
758 786 759
759 786 787
759 787 760
760 787 788
760 788 761
761 788 789
761 789 762
762 789 790
762 790 763
763 790 791
763 791 764
764 791 792
764 792 765
765 792 793
765 793 766
766 793 794
766 794 767
767 794 795
767 795 768
768 795 796
768 796 769
769 796 797
769 797 770
770 797 798
770 798 771
771 798 799
771 799 772
772 799 800
772 800 773
773 800 801
773 801 774
774 801 802
774 802 775
775 802 803
775 803 776
776 803 804
776 804 777
777 804 805
777 805 778
778 805 806
778 806 779
779 806 807
779 807 780
780 807 808
780 808 781
781 808 809
781 809 782
782 809 810
782 810 783
783 810 811
783 811 784
784 811 812
785 813 814
785 814 786
786 814 815
786 815 787
787 815 816
787 816 788
788 816 817
788 817 789
789 817 818
789 818 790
790 818 819
790 819 791
791 819 820
791 820 792
792 820 821
792 821 793
793 821 822
793 822 794
794 822 823
794 823 795
795 823 824
795 824 796
796 824 825
796 825 797
797 825 826
797 826 798
798 826 827
798 827 799
799 827 828
799 828 800
800 828 829
800 829 801
801 829 830
801 830 802
802 830 831
802 831 803
803 831 832
803 832 804
804 832 833
804 833 805
805 833 834
805 834 806
806 834 835
806 835 807
807 835 836
807 836 808
808 836 837
808 837 809
809 837 838
809 838 810
810 838 839
810 839 811
811 839 840
811 840 812
813 841 814
814 841 842
814 842 815
815 842 843
815 843 816
816 843 844
816 844 817
817 844 845
817 845 818
818 845 846
818 846 819
819 846 847
819 847 820
820 847 848
820 848 821
821 848 849
821 849 822
822 849 850
822 850 823
823 850 851
823 851 824
824 851 852
824 852 825
825 852 853
825 853 826
826 853 854
826 854 827
827 854 855
827 855 828
828 855 856
828 856 829
829 856 857
829 857 830
830 857 858
830 858 831
831 858 859
831 859 832
832 859 860
832 860 833
833 860 861
833 861 834
834 861 862
834 862 835
835 862 863
835 863 836
836 863 864
836 864 837
837 864 865
837 865 838
838 865 866
838 866 839
839 866 867
839 867 840
840 867 868
841 869 870
841 870 842
842 870 871
842 871 843
843 871 872
843 872 844
844 872 873
844 873 845
845 873 874
845 874 846
846 874 875
846 875 847
847 875 876
847 876 848
848 876 877
848 877 849
849 877 878
849 878 850
850 878 879
850 879 851
851 879 880
851 880 852
852 880 881
852 881 853
853 881 882
853 882 854
854 882 883
854 883 855
855 883 884
855 884 856
856 884 885
856 885 857
857 885 886
857 886 858
858 886 887
858 887 859
859 887 888
859 888 860
860 888 889
860 889 861
861 889 890
861 890 862
862 890 891
862 891 863
863 891 892
863 892 864
864 892 893
864 893 865
865 893 894
865 894 866
866 894 895
866 895 867
867 895 896
867 896 868
869 897 870
870 897 898
870 898 871
871 898 899
871 899 872
872 899 900
872 900 873
873 900 901
873 901 874
874 901 902
874 902 875
875 902 903
875 903 876
876 903 904
876 904 877
877 904 905
877 905 878
878 905 906
878 906 879
879 906 907
879 907 880
880 907 908
880 908 881
881 908 909
881 909 882
882 909 910
882 910 883
883 910 911
883 911 884
884 911 912
884 912 885
885 912 913
885 913 886
886 913 914
886 914 887
887 914 915
887 915 888
888 915 916
888 916 889
889 916 917
889 917 890
890 917 918
890 918 891
891 918 919
891 919 892
892 919 920
892 920 893
893 920 921
893 921 894
894 921 922
894 922 895
895 922 923
895 923 896
896 923 924
