255
255
255
254.33333266945755
251.99969543657156
250.99898901146992
250.33139741091924
250.99898901146992
251.66619483902673
253.33330613333769
255
255
255
255
255
255
255
255
255
252.99994268657161
252.33314625625519
254.33333266945755
255
255
255
255
255
255
255
255
254.33333266945755
253.33330613333769
255
255
255
255
255
255
254.33333266945755
253.99999658546346
255
255
255
254.33333266945755
251.99969543657156
250.99898901146992
250.99898901146992
251.3326311369913
248.99434371729657
255
255
255
254.33333266945755
255
255
255
255
255
255
255
255
251.99969543657156
251.99969543657156
255
254.33333266945755
255
255
255
255
255
252.99994268657161
250.99898901146992
255
255
255
255
255
255
253.99999658546346
253.66665570203688
255
255
255
254.33333266945755
251.99969543657156
251.3326311369913
251.3326311369913
252.66655876352675
254.33333266945755
252.99994268657161
255
255
255
255
254.66666662582398
255
253.33330613333769
237.73384698734017
198.27470524694394
158.08644748992657
134.98721292998314
126.000102515526
160.8087774954561
198.27470524694394
234.39888320741483
239.6423097903733
245.28725577821245
249.32890820903938
252.66655876352675
253.33330613333769
252.66655876352675
251.99969543657156
255
255
255
255
255
253.99999658546346
253.99999658546346
253.66665570203688
255
255
255
253.66665570203688
252.66655876352675
251.99969543657156
252.66655876352675
253.66665570203688
251.66619483902673
255
255
255
255
255
242.87595894109771
208.67046436754657
143.86499664984316
114.07420438260219
126.000102515526
196.56332303050269
231.55028135690614
241.81951919041327
246.64293998552805
249.99740604543996
246.30508920192796
247.31691358952165
248.65952504123345
249.99740604543996
250.66525101224377
250.99898901146992
251.3326311369913
251.3326311369913
253.66665570203688
253.99999658546346
254.33333266945755
254.33333266945755
253.99999658546346
253.66665570203688
253.66665570203688
253.66665570203688
255
255
255
253.66665570203688
252.66655876352675
252.66655876352675
253.66665570203688
255
255
255
255
255
249.99740604543996
204.54070768410361
76.628342291714674
65.893683204165526
137.96498706348436
222.82186750681169
246.64293998552805
255
255
255
255
253.99999658546346
255
255
255
255
253.33330613333769
252.66655876352675
251.99969543657156
251.3326311369913
252.66655876352675
252.99994268657161
253.33330613333769
252.66655876352675
251.99969543657156
251.99969543657156
252.33314625625519
253.66665570203688
255
255
254.33333266945755
253.33330613333769
253.33330613333769
253.66665570203688
255
255
255
255
255
236.53148245630638
126.000102515526
58.43667696949727
86.326049471307215
143.86499664984316
248.32441518541464
255
255
255
253.33330613333769
253.33330613333769
253.66665570203688
252.66655876352675
250.33139741091924
251.66619483902673
252.99994268657161
253.99999658546346
254.33333266945755
253.66665570203688
252.66655876352675
251.99969543657156
250.66525101224377
250.99898901146992
251.3326311369913
250.99898901146992
249.6632521555959
250.33139741091924
251.99969543657156
253.99999658546346
254.33333266945755
253.66665570203688
253.66665570203688
253.33330613333769
253.66665570203688
255
255
255
255
249.99740604543996
228.2520485885448
166.1051782121483
67.914281106362381
65.893683204165526
217.64589307504474
253.33330613333769
255
255
255
255
253.33330613333769
253.66665570203688
252.66655876352675
250.66525101224377
252.66655876352675
253.66665570203688
255
255
255
254.66666662582398
253.33330613333769
252.33314625625519
249.6632521555959
249.99740604543996
249.6632521555959
248.32441518541464
247.31691358952165
248.32441518541464
251.3326311369913
254.33333266945755
253.33330613333769
253.33330613333769
253.33330613333769
253.66665570203688
255
255
255
255
255
234.84038189469942
123.00276594568533
58.43667696949727
126.000102515526
224.31606771164485
248.65952504123345
255
255
255
255
255
253.33330613333769
250.33139741091924
250.66525101224377
251.99969543657156
253.33330613333769
254.66666662582398
255
255
255
255
255
255
248.65952504123345
248.99434371729657
248.65952504123345
247.31691358952165
245.96657440166229
247.65315585489782
251.3326311369913
254.33333266945755
252.66655876352675
251.66619483902673
253.33330613333769
250.33139741091924
255
254.33333266945755
255
255
228.84030215638404
131.9972340543147
160.8087774954561
83.813263691600483
198.27470524694394
255
255
255
255
255
255
253.66665570203688
251.99969543657156
250.99898901146992
250.99898901146992
251.99969543657156
251.3326311369913
255
255
255
255
255
255
253.66665570203688
246.64293998552805
244.6043298896833
242.17362184017372
242.17362184017372
245.96657440166229
251.3326311369913
253.33330613333769
252.99994268657161
252.66655876352675
251.99969543657156
252.66655876352675
254.33333266945755
255
255
255
244.94628858039925
146.77809805510532
91.517379786256029
152.50895285003332
180.64444845042931
248.65952504123345
255
255
255
255
254.33333266945755
253.33330613333769
251.3326311369913
250.33139741091924
250.33139741091924
250.99898901146992
251.99969543657156
254.33333266945755
255
255
255
255
255
253.66665570203688
251.99969543657156
247.98897358076218
242.17362184017372
237.73384698734017
241.81951919041327
247.98897358076218
251.66619483902673
253.33330613333769
255
252.66655876352675
252.33314625625519
251.99969543657156
255
255
255
253.66665570203688
201.52105587467733
111.13500335015688
146.77809805510532
137.96498706348436
233.02101933648822
255
255
255
255
253.33330613333769
252.66655876352675
251.3326311369913
250.99898901146992
250.33139741091924
250.33139741091924
251.3326311369913
253.33330613333769
255
255
255
255
254.33333266945755
250.99898901146992
250.99898901146992
251.99969543657156
243.91703769883736
236.11898526157339
233.94887034126333
242.87595894109771
251.3326311369913
252.66655876352675
252.99994268657161
255
252.99994268657161
251.99969543657156
253.33330613333769
255
255
255
237.33852140077823
117.03501293651566
160.8087774954561
194.79165624101438
173.64163530721632
253.66665570203688
255
255
250.99898901146992
253.33330613333769
252.66655876352675
251.99969543657156
251.3326311369913
250.99898901146992
250.99898901146992
251.3326311369913
252.66655876352675
254.33333266945755
253.99999658546346
255
255
253.99999658546346
250.33139741091924
247.65315585489782
246.64293998552805
245.96657440166229
228.84030215638404
230.50903987854798
237.73384698734017
247.31691358952165
251.3326311369913
252.66655876352675
253.99999658546346
253.99999658546346
253.66665570203688
251.66619483902673
255
255
255
255
182.85466972419644
131.9972340543147
168.67395052869281
158.08644748992657
229.96789009957666
255
255
255
247.98897358076218
249.99740604543996
253.33330613333769
253.33330613333769
252.66655876352675
252.66655876352675
253.33330613333769
253.66665570203688
255
255
254.66666662582398
255
254.33333266945755
250.66525101224377
247.98897358076218
243.57148522704739
233.02101933648822
212.35863384905477
215.64996729624087
234.84038189469942
245.62732279492758
249.99740604543996
251.3326311369913
253.33330613333769
254.33333266945755
254.33333266945755
254.33333266945755
252.33314625625519
255
255
255
242.87595894109771
108.22190194489464
173.64163530721632
187.08571889363762
149.6607863376185
250.66525101224377
255
255
252.66655876352675
249.6632521555959
247.65315585489782
255
255
255
255
255
255
255
255
255
255
249.99740604543996
246.64293998552805
243.22450242372324
232.0519467204723
173.64163530721632
62.041237113402062
231.55028135690614
244.26128146040128
248.99434371729657
250.33139741091924
249.6632521555959
252.99994268657161
254.33333266945755
255
254.66666662582398
254.33333266945755
255
255
255
218.58925091015007
134.98721292998314
180.64444845042931
201.52105587467733
211.17556629227585
255
255
255
249.6632521555959
248.65952504123345
245.96657440166229
255
255
255
255
255
255
255
255
255
253.33330613333769
248.32441518541464
242.87595894109771
227.64620739663906
152.50895285003332
69.998162412611407
63.936144737212764
243.57148522704739
248.32441518541464
249.6632521555959
250.99898901146992
250.33139741091924
252.99994268657161
255
255
254.33333266945755
255
254.33333266945755
255
252.66655876352675
163.48262021374401
187.08571889363762
166.1051782121483
160.8087774954561
232.54196129760561
255
255
255
252.66655876352675
246.64293998552805
244.6043298896833
255
255
255
255
255
255
255
255
255
251.66619483902673
248.65952504123345
240.74339115485495
182.85466972419644
39.35003270375914
50.459292315896413
176.03704545510865
247.98897358076218
247.98897358076218
248.32441518541464
250.99898901146992
251.99969543657156
253.66665570203688
254.33333266945755
254.66666662582398
255
253.99999658546346
255
255
252.99994268657161
163.48262021374401
185.00183758738862
168.67395052869281
152.50895285003332
208.67046436754657
254.33333266945755
251.3326311369913
245.28725577821245
237.73384698734017
234.84038189469942
232.54196129760561
238.89129870926965
240.37942669512589
242.52571519687683
245.62732279492758
249.32890820903938
253.66665570203688
255
255
247.98897358076218
239.26867207964807
201.52105587467733
40.405835088334733
27.97823696323578
131.9972340543147
235.6999415970356
247.98897358076218
251.99969543657156
248.99434371729657
252.66655876352675
253.33330613333769
251.99969543657156
252.99994268657161
255
255
251.3326311369913
250.99898901146992
255
255
247.98897358076218
163.48262021374401
182.85466972419644
171.18673630839956
171.18673630839956
209.94673200683687
255
255
254.66666662582398
252.66655876352675
251.3326311369913
251.99969543657156
244.94628858039925
245.62732279492758
247.98897358076218
251.99969543657156
255
255
255
249.99740604543996
240.37942669512589
201.52105587467733
62.041237113402062
32.965042314713898
83.813263691600483
221.21968409803762
245.62732279492758
252.33314625625519
252.66655876352675
250.33139741091924
253.33330613333769
253.66665570203688
252.33314625625519
253.33330613333769
255
252.99994268657161
243.91703769883736
248.65952504123345
253.33330613333769
255
244.26128146040128
178.37165770828528
194.79165624101438
192.95876288659792
198.27470524694394
212.35863384905477
255
255
255
255
255
255
251.3326311369913
255
255
255
255
255
249.32890820903938
233.48978033799489
160.8087774954561
42.641366150945217
26.159697843615945
72.14533027580363
219.49831450236206
245.28725577821245
253.33330613333769
255
252.66655876352675
252.66655876352675
253.66665570203688
253.66665570203688
251.99969543657156
253.66665570203688
253.66665570203688
249.32890820903938
241.10459207696181
246.64293998552805
252.99994268657161
255
245.28725577821245
209.94673200683687
216.66666666666666
217.64589307504474
209.94673200683687
209.94673200683687
255
255
255
255
255
255
255
255
255
255
255
251.3326311369913
228.2520485885448
131.9972340543147
21.510219662005067
23.963765068187787
69.998162412611407
221.21968409803762
246.64293998552805
252.66655876352675
254.66666662582398
254.66666662582398
253.33330613333769
255
254.33333266945755
253.66665570203688
252.66655876352675
253.33330613333769
251.66619483902673
246.30508920192796
243.91703769883736
248.99434371729657
255
255
249.32890820903938
221.21968409803762
225.71277869119854
222.03495768528609
203.05853190107189
198.27470524694394
255
252.33314625625519
255
254.33333266945755
251.99969543657156
255
255
255
255
255
246.30508920192796
226.37765530320357
88.894821787851697
21.978980663511781
20.601116792585181
81.358364692783667
227.02176303676418
248.99434371729657
254.33333266945755
255
251.99969543657156
249.32890820903938
254.66666662582398
255
255
252.99994268657161
252.99994268657161
252.66655876352675
247.98897358076218
243.91703769883736
250.33139741091924
252.66655876352675
255
255
250.33139741091924
211.17556629227585
213.49760888660006
201.52105587467733
171.18673630839956
171.18673630839956
242.87595894109771
250.66525101224377
251.3326311369913
248.65952504123345
246.64293998552805
247.98897358076218
255
255
248.65952504123345
229.96789009957666
120.01278707001684
29.974018070315065
18.062139903365839
20.601116792585181
152.50895285003332
233.02101933648822
251.3326311369913
255
255
253.33330613333769
248.99434371729657
245.96657440166229
255
255
255
253.33330613333769
253.33330613333769
248.99434371729657
243.91703769883736
243.57148522704739
251.99969543657156
248.99434371729657
253.33330613333769
255
248.65952504123345
163.48262021374401
171.18673630839956
137.96498706348436
140.92579561739785
140.92579561739785
224.31606771164485
252.99994268657161
255
254.33333266945755
252.99994268657161
252.66655876352675
245.28725577821245
236.53148245630638
201.52105587467733
51.941468098928105
12.474284803123146
6.3404749587665359
22.458038702394337
140.92579561739785
239.26867207964807
251.99969543657156
255
255
254.66666662582398
251.99969543657156
248.65952504123345
245.62732279492758
255
255
254.66666662582398
253.66665570203688
252.66655876352675
246.30508920192796
240.01247793480934
244.26128146040128
246.64293998552805
240.74339115485495
246.98019406415258
252.33314625625519
247.65315585489782
140.92579561739785
158.08644748992657
117.03501293651566
158.08644748992657
149.6607863376185
201.52105587467733
255
255
255
255
255
213.49760888660006
91.517379786256029
18.468517543693601
7.0110264192378207
8.0198059358473923
23.44971864309386
163.48262021374401
241.81951919041327
250.66525101224377
255
255
255
252.66655876352675
251.3326311369913
250.33139741091924
250.99898901146992
255
255
254.33333266945755
253.33330613333769
251.99969543657156
243.91703769883736
237.73384698734017
244.94628858039925
229.41193976415838
166.1051782121483
244.26128146040128
244.26128146040128
255
233.48978033799489
209.94673200683687
191.06385526278723
192.95876288659792
163.48262021374401
178.37165770828528
232.0519467204723
250.33139741091924
248.65952504123345
242.17362184017372
238.89129870926965
20.601116792585181
12.826378159826234
7.6830864104783467
13.536763351823517
50.459292315896413
212.35863384905477
243.22450242372324
252.66655876352675
255
255
252.33314625625519
247.98897358076218
246.98019406415258
249.99740604543996
255
255
255
253.66665570203688
253.66665570203688
252.66655876352675
248.99434371729657
240.01247793480934
239.6423097903733
245.62732279492758
67.914281106362381
33.780315901962403
222.03495768528609
250.99898901146992
255
248.65952504123345
227.64620739663906
222.82186750681169
211.17556629227585
134.98721292998314
62.041237113402062
94.19122250454383
180.64444845042931
166.1051782121483
56.72529475305609
25.032109900423322
5.0025939545600195
11.428514772952608
27.97823696323578
123.00276594568533
230.50903987854798
250.33139741091924
255
255
255
252.33314625625519
248.65952504123345
247.65315585489782
248.65952504123345
253.33330613333769
255
255
251.66619483902673
251.3326311369913
252.66655876352675
251.3326311369913
244.6043298896833
238.12419593835946
240.37942669512589
248.32441518541464
20.159618105300602
13.18048080958674
69.998162412611407
243.22450242372324
255
255
231.0362349318122
196.56332303050269
108.22190194489464
58.43667696949727
26.747951411455158
12.474284803123146
7.6830864104783467
4.6686025890807619
2.0000573134284076
1.6666938666623148
16.87580406164053
60.208343758985599
215.64996729624087
244.94628858039925
255
255
255
255
253.33330613333769
251.99969543657156
251.3326311369913
252.66655876352675
255
255
255
255
249.32890820903938
250.66525101224377
250.33139741091924
245.96657440166229
240.01247793480934
236.93786009663415
242.87595894109771
248.99434371729657
8.6949107980720317
5.0025939545600195
13.18048080958674
91.517379786256029
198.27470524694394
235.27389971931501
146.77809805510532
35.501685497637951
22.948053279527677
12.826378159826234
2.6668537437448578
0
1.6666938666623148
6.0056562827034341
6.6755848145853793
8.6949107980720317
185.00183758738862
229.41193976415838
248.32441518541464
255
255
255
255
253.33330613333769
251.3326311369913
252.99994268657161
255
255
255
255
254.33333266945755
251.3326311369913
247.31691358952165
247.31691358952165
244.6043298896833
239.6423097903733
236.93786009663415
240.74339115485495
246.98019406415258
250.99898901146992
12.124041058902293
8.3570600144719744
8.6949107980720317
12.474284803123146
13.18048080958674
20.159618105300602
12.474284803123146
6.0056562827034341
0
0.33333337417599662
1.0000034145365699
2.3334412364732242
7.34684414510214
17.661478599221791
63.936144737212764
196.56332303050269
242.17362184017372
245.28725577821245
250.33139741091924
255
255
255
255
248.65952504123345
250.66525101224377
253.33330613333769
255
255
255
255
248.65952504123345
244.94628858039925
244.26128146040128
240.37942669512589
234.39888320741483
231.0362349318122
238.12419593835946
245.96657440166229
250.66525101224377
250.99898901146992
58.43667696949727
20.601116792585181
10.395670110316724
6.0056562827034341
0
0
0
0
1.6666938666623148
2.6668537437448578
6.0056562827034341
21.978980663511781
94.19122250454383
163.48262021374401
163.48262021374401
171.18673630839956
232.54196129760561
241.10459207696181
248.65952504123345
251.99969543657156
254.33333266945755
255
254.33333266945755
252.66655876352675
252.99994268657161
253.33330613333769
254.66666662582398
255
253.66665570203688
250.99898901146992
247.31691358952165
245.28725577821245
234.84038189469942
228.84030215638404
222.82186750681169
228.84030215638404
241.10459207696181
249.32890820903938
251.99969543657156
251.99969543657156
219.49831450236206
78.962954544891332
16.490093173006571
8.3570600144719744
0
0
0
1.3333442979631238
10.053711419600718
47.654886498036348
173.64163530721632
214.59416491166525
208.67046436754657
117.03501293651566
30.68393228835513
18.062139903365839
102.49104714996665
191.06385526278723
231.55028135690614
240.37942669512589
243.91703769883736
248.99434371729657
254.66666662582398
255
255
251.3326311369913
246.98019406415258
244.26128146040128
242.87595894109771
243.57148522704739
243.91703769883736
243.91703769883736
217.64589307504474
216.66666666666666
223.58179265216975
235.27389971931501
244.94628858039925
250.33139741091924
252.66655876352675
253.33330613333769
245.96657440166229
228.84030215638404
74.355551549570649
22.948053279527677
3.0003045634284526
7.6830864104783467
16.87580406164053
40.405835088334733
198.27470524694394
238.89129870926965
239.26867207964807
207.3451135019636
78.962954544891332
24.490960121452037
10.053711419600718
4.0010109885300427
25.032109900423322
33.780315901962403
65.893683204165526
180.64444845042931
235.6999415970356
251.3326311369913
255
255
255
247.65315585489782
238.12419593835946
230.50903987854798
228.84030215638404
232.0519467204723
236.53148245630638
238.50990682699344
201.52105587467733
213.49760888660006
231.55028135690614
242.17362184017372
247.31691358952165
249.99740604543996
251.66619483902673
253.99999658546346
253.99999658546346
252.66655876352675
250.99898901146992
249.6632521555959
249.6632521555959
250.99898901146992
251.99969543657156
252.33314625625519
250.33139741091924
240.74339115485495
203.05853190107189
58.43667696949727
23.44971864309386
16.10870129073033
11.082962301162652
6.3404749587665359
10.395670110316724
9.7127442217875739
10.053711419600718
12.124041058902293
16.490093173006571
23.963765068187787
37.354106924955261
58.43667696949727
83.813263691600483
108.22190194489464
131.9972340543147
143.86499664984316
152.50895285003332
163.48262021374401
189.10631679583449
201.52105587467733
240.74339115485495
245.62732279492758
251.66619483902673
254.33333266945755
253.66665570203688
252.99994268657161
254.33333266945755
255
254.66666662582398
254.33333266945755
252.99994268657161
252.66655876352675
253.33330613333769
253.66665570203688
253.66665570203688
253.33330613333769
246.64293998552805
247.31691358952165
240.37942669512589
203.05853190107189
50.459292315896413
19.300058402964403
12.474284803123146
10.053711419600718
10.053711419600718
11.082962301162652
13.18048080958674
16.10870129073033
19.300058402964403
24.490960121452037
29.974018070315065
38.333333333333314
62.041237113402062
86.326049471307215
117.03501293651566
143.86499664984316
166.1051782121483
191.06385526278723
213.49760888660006
223.58179265216975
247.65315585489782
250.33139741091924
253.99999658546346
254.33333266945755
253.99999658546346
252.99994268657161
254.33333266945755
255
254.33333266945755
254.33333266945755
253.66665570203688
253.66665570203688
254.33333266945755
254.33333266945755
255
254.33333266945755
251.3326311369913
250.33139741091924
245.96657440166229
236.93786009663415
207.3451135019636
111.13500335015688
38.333333333333314
21.978980663511781
19.300058402964403
20.159618105300602
22.948053279527677
27.353792603360947
32.965042314713898
39.35003270375914
49.030943641207607
60.208343758985599
69.998162412611407
99.681282813297599
143.86499664984316
178.37165770828528
205.96905635879241
223.58179265216975
233.48978033799489
238.50990682699344
252.99994268657161
253.66665570203688
254.33333266945755
254.33333266945755
253.99999658546346
253.66665570203688
254.66666662582398
255
253.33330613333769
253.66665570203688
253.33330613333769
253.33330613333769
253.66665570203688
254.33333266945755
255
255
255
252.99994268657161
247.98897358076218
244.6043298896833
242.52571519687683
236.11898526157339
212.35863384905477
140.92579561739785
62.041237113402062
55.073117473443276
50.459292315896413
46.329535632453435
51.941468098928105
65.893683204165526
83.813263691600483
105.33921366238154
155.31871718670237
187.08571889363762
209.94673200683687
225.02598192968492
233.48978033799489
240.01247793480934
244.94628858039925
247.31691358952165
253.33330613333769
252.99994268657161
253.33330613333769
253.66665570203688
253.99999658546346
254.33333266945755
255
255
253.66665570203688
253.33330613333769
252.99994268657161
252.99994268657161
252.99994268657161
253.33330613333769
254.66666662582398
255
255
255
254.66666662582398
251.99969543657156
249.6632521555959
246.64293998552805
243.22450242372324
240.74339115485495
219.49831450236206
214.59416491166525
199.92688252655671
185.00183758738862
176.03704545510865
180.64444845042931
192.95876288659792
204.54070768410361
226.37765530320357
232.54196129760561
238.12419593835946
242.87595894109771
246.98019406415258
249.32890820903938
250.99898901146992
251.3326311369913
252.99994268657161
252.66655876352675
252.99994268657161
253.66665570203688
254.33333266945755
254.33333266945755
255
254.66666662582398
255
254.33333266945755
253.66665570203688
252.33314625625519
252.33314625625519
253.33330613333769
254.33333266945755
255
255
255
255
255
253.66665570203688
251.3326311369913
250.66525101224377
250.99898901146992
243.22450242372324
243.22450242372324
242.87595894109771
241.81951919041327
241.10459207696181
241.46323664817646
242.17362184017372
242.87595894109771
243.57148522704739
245.96657440166229
249.32890820903938
250.99898901146992
251.99969543657156
253.33330613333769
253.66665570203688
253.99999658546346
253.66665570203688
253.66665570203688
254.33333266945755
254.33333266945755
254.33333266945755
254.33333266945755
255
254.33333266945755
255
255
254.33333266945755
253.33330613333769
252.66655876352675
252.66655876352675
253.66665570203688
255
255
255
255
255
255
255
255
252.99994268657161
247.31691358952165
247.98897358076218
248.99434371729657
249.6632521555959
248.99434371729657
249.6632521555959
249.6632521555959
250.33139741091924
250.99898901146992
251.3326311369913
252.66655876352675
253.66665570203688
254.33333266945755
255
255
255
253.66665570203688
253.66665570203688
254.33333266945755
254.33333266945755
254.33333266945755
254.33333266945755
255
255
255
255
255
253.66665570203688
252.66655876352675
251.99969543657156
252.66655876352675
254.33333266945755
255
255
255
255
255
255
255
255
253.66665570203688
253.66665570203688
253.66665570203688
253.33330613333769
253.33330613333769
253.33330613333769
252.66655876352675
253.33330613333769
253.33330613333769
253.66665570203688
253.99999658546346
254.33333266945755
255
255
255
255
252.66655876352675
252.99994268657161
253.66665570203688
253.33330613333769
252.99994268657161
253.33330613333769
255
255
