252.66655876352675
252.99994268657161
253.33330613333769
253.99999658546346
255
255
255
255
255
255
253.66665570203688
252.33314625625519
250.99898901146992
250.33139741091924
248.32441518541464
245.96657440166229
251.3326311369913
252.66655876352675
252.99994268657161
252.33314625625519
252.66655876352675
254.33333266945755
254.66666662582398
254.33333266945755
253.66665570203688
252.66655876352675
251.3326311369913
250.66525101224377
250.33139741091924
251.3326311369913
251.66619483902673
251.66619483902673
254.33333266945755
253.99999658546346
253.99999658546346
253.99999658546346
254.66666662582398
255
255
255
252.33314625625519
252.99994268657161
253.66665570203688
255
255
255
255
255
251.3326311369913
255
255
251.66619483902673
248.99434371729657
252.33314625625519
251.3326311369913
248.65952504123345
254.33333266945755
255
255
255
255
253.99999658546346
253.33330613333769
255
252.33314625625519
252.99994268657161
254.33333266945755
254.66666662582398
254.66666662582398
254.33333266945755
253.33330613333769
252.33314625625519
253.99999658546346
253.99999658546346
254.33333266945755
254.33333266945755
255
255
255
254.66666662582398
252.33314625625519
253.33330613333769
254.66666662582398
255
255
255
255
254.66666662582398
253.99999658546346
250.66525101224377
250.99898901146992
255
255
253.66665570203688
251.3326311369913
252.99994268657161
251.66619483902673
236.53148245630638
204.54070768410361
178.37165770828528
173.64163530721632
171.18673630839956
191.06385526278723
212.35863384905477
237.33852140077823
240.01247793480934
244.94628858039925
249.99740604543996
253.99999658546346
255
255
255
253.99999658546346
253.99999658546346
254.33333266945755
254.66666662582398
255
254.66666662582398
255
254.66666662582398
252.33314625625519
253.66665570203688
255
255
255
255
254.66666662582398
252.99994268657161
247.98897358076218
253.33330613333769
255
255
255
255
241.46323664817646
205.96905635879241
120.01278707001684
99.681282813297599
131.9972340543147
211.17556629227585
238.12419593835946
247.65315585489782
252.66655876352675
255
250.66525101224377
250.66525101224377
251.3326311369913
252.66655876352675
254.33333266945755
255
255
255
253.66665570203688
254.33333266945755
254.66666662582398
255
254.66666662582398
254.33333266945755
254.66666662582398
254.66666662582398
252.66655876352675
254.33333266945755
255
255
255
255
253.66665570203688
251.66619483902673
251.66619483902673
249.6632521555959
254.33333266945755
255
248.65952504123345
205.96905635879241
83.813263691600483
74.355551549570649
83.813263691600483
208.67046436754657
244.6043298896833
255
255
255
255
255
255
255
255
255
255
255
255
255
253.99999658546346
254.33333266945755
255
254.33333266945755
253.66665570203688
253.66665570203688
253.99999658546346
254.66666662582398
253.33330613333769
254.66666662582398
255
255
255
255
252.66655876352675
250.99898901146992
250.33139741091924
254.33333266945755
253.66665570203688
232.54196129760561
123.00276594568533
62.041237113402062
99.681282813297599
155.31871718670237
238.12419593835946
249.32890820903938
255
255
252.99994268657161
255
255
254.66666662582398
250.99898901146992
251.3326311369913
251.66619483902673
252.33314625625519
253.33330613333769
254.33333266945755
254.66666662582398
254.66666662582398
253.99999658546346
254.66666662582398
254.33333266945755
253.33330613333769
252.33314625625519
252.33314625625519
253.66665570203688
255
253.99999658546346
255
255
255
255
255
252.66655876352675
251.3326311369913
252.66655876352675
240.74339115485495
213.49760888660006
143.86499664984316
65.893683204165526
67.914281106362381
215.64996729624087
251.66619483902673
253.99999658546346
253.99999658546346
252.99994268657161
250.66525101224377
251.66619483902673
253.66665570203688
253.33330613333769
250.99898901146992
250.99898901146992
250.99898901146992
251.66619483902673
251.66619483902673
251.99969543657156
251.66619483902673
251.3326311369913
251.66619483902673
254.33333266945755
254.66666662582398
253.66665570203688
252.33314625625519
250.66525101224377
250.99898901146992
252.99994268657161
255
255
255
255
255
255
254.33333266945755
252.66655876352675
252.99994268657161
247.98897358076218
221.21968409803762
78.962954544891332
49.030943641207607
114.07420438260219
220.37462437553472
245.28725577821245
255
251.3326311369913
251.3326311369913
252.33314625625519
253.33330613333769
252.66655876352675
251.3326311369913
251.99969543657156
252.33314625625519
251.66619483902673
251.3326311369913
250.99898901146992
250.99898901146992
251.66619483902673
252.33314625625519
252.99994268657161
253.33330613333769
254.66666662582398
254.33333266945755
253.66665570203688
251.3326311369913
249.99740604543996
250.33139741091924
252.99994268657161
255
255
255
255
251.99969543657156
255
250.66525101224377
252.33314625625519
253.66665570203688
204.54070768410361
76.628342291714674
123.00276594568533
62.041237113402062
182.85466972419644
252.66655876352675
250.33139741091924
251.99969543657156
253.99999658546346
254.33333266945755
254.33333266945755
254.33333266945755
254.33333266945755
254.33333266945755
253.99999658546346
253.99999658546346
251.3326311369913
253.33330613333769
253.66665570203688
252.99994268657161
252.99994268657161
255
255
252.99994268657161
252.99994268657161
250.99898901146992
248.65952504123345
247.31691358952165
249.99740604543996
253.99999658546346
255
253.99999658546346
255
255
254.33333266945755
253.99999658546346
252.99994268657161
252.33314625625519
252.66655876352675
235.27389971931501
83.813263691600483
56.72529475305609
120.01278707001684
152.50895285003332
244.6043298896833
253.66665570203688
251.3326311369913
246.98019406415258
255
255
255
255
255
255
255
255
255
255
255
255
255
255
255
255
255
249.6632521555959
244.6043298896833
246.98019406415258
251.99969543657156
254.33333266945755
255
255
255
254.66666662582398
252.66655876352675
253.99999658546346
250.66525101224377
254.66666662582398
246.98019406415258
152.50895285003332
62.041237113402062
99.681282813297599
94.19122250454383
225.02598192968492
255
252.66655876352675
249.6632521555959
246.30508920192796
255
255
255
255
255
255
255
255
255
255
255
255
255
255
255
255
251.66619483902673
243.91703769883736
241.46323664817646
248.32441518541464
255
255
254.66666662582398
255
255
253.66665570203688
252.33314625625519
253.33330613333769
251.66619483902673
255
228.84030215638404
69.998162412611407
114.07420438260219
152.50895285003332
120.01278707001684
246.64293998552805
253.99999658546346
252.66655876352675
245.28725577821245
248.65952504123345
255
255
255
255
255
255
255
255
254.66666662582398
255
255
255
255
254.66666662582398
255
255
238.89129870926965
239.6423097903733
244.26128146040128
251.99969543657156
255
255
254.66666662582398
254.33333266945755
255
252.33314625625519
253.66665570203688
252.99994268657161
253.33330613333769
250.66525101224377
146.77809805510532
91.517379786256029
123.00276594568533
99.681282813297599
208.67046436754657
255
252.33314625625519
252.99994268657161
248.32441518541464
252.99994268657161
253.99999658546346
253.99999658546346
254.66666662582398
255
255
255
255
255
253.33330613333769
254.66666662582398
254.33333266945755
253.66665570203688
254.33333266945755
254.66666662582398
248.65952504123345
240.74339115485495
231.55028135690614
242.87595894109771
251.3326311369913
254.66666662582398
255
255
255
253.66665570203688
255
251.66619483902673
253.33330613333769
252.66655876352675
253.66665570203688
238.12419593835946
81.358364692783667
146.77809805510532
149.6607863376185
74.355551549570649
239.26867207964807
254.33333266945755
252.33314625625519
252.33314625625519
255
255
253.66665570203688
253.66665570203688
253.99999658546346
254.66666662582398
255
255
255
255
254.33333266945755
253.33330613333769
251.66619483902673
251.99969543657156
252.99994268657161
248.99434371729657
235.27389971931501
209.94673200683687
240.01247793480934
250.33139741091924
254.66666662582398
254.66666662582398
252.66655876352675
254.66666662582398
255
255
254.33333266945755
252.33314625625519
251.99969543657156
253.99999658546346
250.99898901146992
207.3451135019636
114.07420438260219
160.8087774954561
163.48262021374401
146.77809805510532
245.62732279492758
248.32441518541464
250.66525101224377
251.99969543657156
255
255
254.33333266945755
254.33333266945755
255
255
255
255
255
255
254.66666662582398
252.33314625625519
250.66525101224377
250.99898901146992
244.94628858039925
233.02101933648822
223.58179265216975
225.71277869119854
250.33139741091924
254.33333266945755
254.66666662582398
254.66666662582398
253.33330613333769
253.99999658546346
254.66666662582398
255
253.99999658546346
252.99994268657161
249.99740604543996
254.33333266945755
247.98897358076218
137.96498706348436
176.03704545510865
146.77809805510532
108.22190194489464
203.05853190107189
243.57148522704739
250.33139741091924
251.3326311369913
255
255
255
255
255
255
255
255
255
255
255
255
251.99969543657156
252.99994268657161
250.33139741091924
234.39888320741483
191.06385526278723
221.21968409803762
247.65315585489782
254.33333266945755
253.99999658546346
253.33330613333769
254.66666662582398
255
254.66666662582398
253.99999658546346
253.99999658546346
253.66665570203688
249.99740604543996
255
255
246.98019406415258
117.03501293651566
152.50895285003332
143.86499664984316
128.99989748447402
199.92688252655671
253.99999658546346
255
253.99999658546346
253.33330613333769
255
255
255
255
255
254.33333266945755
253.33330613333769
252.66655876352675
255
255
255
255
249.99740604543996
223.58179265216975
191.06385526278723
227.02176303676418
244.26128146040128
249.32890820903938
255
252.66655876352675
255
255
252.66655876352675
252.99994268657161
255
254.66666662582398
253.33330613333769
251.66619483902673
255
255
244.26128146040128
131.9972340543147
171.18673630839956
171.18673630839956
173.64163530721632
208.67046436754657
255
254.66666662582398
253.33330613333769
252.66655876352675
253.33330613333769
254.66666662582398
255
253.99999658546346
252.33314625625519
251.66619483902673
253.66665570203688
255
255
255
255
247.31691358952165
231.55028135690614
212.35863384905477
225.71277869119854
242.17362184017372
250.33139741091924
251.66619483902673
255
252.99994268657161
255
255
252.99994268657161
253.99999658546346
255
252.99994268657161
251.99969543657156
253.99999658546346
255
255
240.01247793480934
146.77809805510532
182.85466972419644
194.79165624101438
204.54070768410361
214.59416491166525
255
252.66655876352675
253.66665570203688
251.66619483902673
250.66525101224377
251.3326311369913
253.66665570203688
254.66666662582398
254.66666662582398
252.66655876352675
252.33314625625519
253.33330613333769
252.66655876352675
249.99740604543996
240.01247793480934
223.58179265216975
201.52105587467733
225.71277869119854
245.28725577821245
253.99999658546346
254.33333266945755
253.33330613333769
254.33333266945755
254.33333266945755
255
255
253.66665570203688
255
255
250.99898901146992
251.66619483902673
253.66665570203688
254.33333266945755
255
235.6999415970356
149.6607863376185
180.64444845042931
198.27470524694394
204.54070768410361
209.94673200683687
255
252.99994268657161
254.66666662582398
252.66655876352675
250.99898901146992
252.33314625625519
252.33314625625519
254.33333266945755
255
254.33333266945755
253.33330613333769
251.3326311369913
243.57148522704739
234.39888320741483
185.00183758738862
194.79165624101438
225.71277869119854
245.62732279492758
255
255
255
253.99999658546346
253.33330613333769
255
255
254.33333266945755
254.33333266945755
255
254.33333266945755
248.99434371729657
252.66655876352675
253.66665570203688
253.66665570203688
255
234.84038189469942
143.86499664984316
168.67395052869281
189.10631679583449
180.64444845042931
194.79165624101438
255
254.33333266945755
255
255
253.66665570203688
255
254.33333266945755
254.33333266945755
252.99994268657161
252.33314625625519
250.99898901146992
244.94628858039925
228.2520485885448
182.85466972419644
173.64163530721632
226.37765530320357
246.64293998552805
255
255
255
254.66666662582398
253.99999658546346
252.99994268657161
254.66666662582398
255
253.66665570203688
255
255
252.33314625625519
248.65952504123345
253.33330613333769
253.66665570203688
252.99994268657161
255
240.01247793480934
149.6607863376185
173.64163530721632
176.03704545510865
163.48262021374401
176.03704545510865
245.28725577821245
254.66666662582398
255
255
255
255
255
255
255
249.32890820903938
236.53148245630638
214.59416491166525
189.10631679583449
182.85466972419644
236.53148245630638
247.31691358952165
255
255
255
255
255
254.33333266945755
253.33330613333769
254.66666662582398
254.66666662582398
253.99999658546346
255
253.33330613333769
249.6632521555959
249.99740604543996
253.99999658546346
250.33139741091924
252.66655876352675
255
248.32441518541464
178.37165770828528
194.79165624101438
185.00183758738862
185.00183758738862
178.37165770828528
229.41193976415838
253.66665570203688
255
255
255
255
255
254.33333266945755
249.32890820903938
237.73384698734017
208.67046436754657
173.64163530721632
214.59416491166525
237.73384698734017
252.99994268657161
255
255
254.33333266945755
253.99999658546346
254.66666662582398
255
254.33333266945755
253.66665570203688
254.66666662582398
253.99999658546346
254.33333266945755
255
250.99898901146992
247.31691358952165
251.99969543657156
254.33333266945755
247.98897358076218
252.66655876352675
255
254.33333266945755
196.56332303050269
213.49760888660006
198.27470524694394
212.35863384905477
196.56332303050269
211.17556629227585
253.66665570203688
254.66666662582398
253.66665570203688
252.66655876352675
251.3326311369913
255
241.81951919041327
222.03495768528609
203.05853190107189
208.67046436754657
226.37765530320357
244.6043298896833
255
255
253.99999658546346
253.66665570203688
253.99999658546346
253.66665570203688
253.99999658546346
253.66665570203688
254.33333266945755
254.66666662582398
254.66666662582398
253.66665570203688
255
255
249.6632521555959
245.96657440166229
253.33330613333769
253.99999658546346
233.94887034126333
255
251.3326311369913
255
234.84038189469942
217.64589307504474
209.94673200683687
218.58925091015007
203.05853190107189
212.35863384905477
240.01247793480934
255
253.33330613333769
246.98019406415258
243.91703769883736
227.64620739663906
214.59416491166525
194.79165624101438
211.17556629227585
236.53148245630638
250.99898901146992
255
255
255
255
252.66655876352675
250.99898901146992
249.99740604543996
251.66619483902673
254.66666662582398
255
254.66666662582398
252.99994268657161
254.33333266945755
255
253.66665570203688
246.64293998552805
247.65315585489782
253.99999658546346
243.57148522704739
220.37462437553472
247.65315585489782
255
255
237.33852140077823
191.06385526278723
205.96905635879241
219.49831450236206
211.17556629227585
203.05853190107189
229.41193976415838
245.96657440166229
246.30508920192796
230.50903987854798
203.05853190107189
176.03704545510865
192.95876288659792
219.49831450236206
236.93786009663415
249.99740604543996
255
255
255
253.66665570203688
252.33314625625519
251.3326311369913
250.99898901146992
251.3326311369913
252.99994268657161
255
255
253.33330613333769
253.33330613333769
255
255
250.33139741091924
244.94628858039925
248.32441518541464
255
240.74339115485495
213.49760888660006
228.84030215638404
252.66655876352675
254.33333266945755
248.99434371729657
208.67046436754657
194.79165624101438
199.92688252655671
223.58179265216975
225.71277869119854
216.66666666666666
213.49760888660006
207.3451135019636
192.95876288659792
187.08571889363762
178.37165770828528
225.71277869119854
244.6043298896833
252.66655876352675
255
255
255
253.99999658546346
251.99969543657156
251.99969543657156
251.99969543657156
252.66655876352675
253.66665570203688
255
255
255
253.99999658546346
255
255
252.33314625625519
246.64293998552805
244.6043298896833
249.99740604543996
255
233.48978033799489
203.05853190107189
176.03704545510865
224.31606771164485
231.55028135690614
244.6043298896833
219.49831450236206
189.10631679583449
212.35863384905477
219.49831450236206
212.35863384905477
201.52105587467733
211.17556629227585
214.59416491166525
204.54070768410361
199.92688252655671
237.73384698734017
245.28725577821245
252.99994268657161
254.66666662582398
253.33330613333769
251.99969543657156
250.99898901146992
250.66525101224377
250.99898901146992
251.99969543657156
253.99999658546346
255
255
255
255
255
255
255
252.99994268657161
247.65315585489782
244.6043298896833
247.31691358952165
252.66655876352675
255
225.71277869119854
205.96905635879241
182.85466972419644
180.64444845042931
176.03704545510865
217.64589307504474
214.59416491166525
212.35863384905477
209.94673200683687
219.49831450236206
216.66666666666666
201.52105587467733
191.06385526278723
205.96905635879241
233.48978033799489
249.6632521555959
253.99999658546346
252.99994268657161
251.66619483902673
251.3326311369913
253.33330613333769
251.99969543657156
251.3326311369913
247.65315585489782
250.99898901146992
252.33314625625519
254.33333266945755
255
255
255
254.66666662582398
253.99999658546346
255
253.33330613333769
246.98019406415258
243.22450242372324
246.30508920192796
252.33314625625519
255
254.66666662582398
234.84038189469942
205.96905635879241
182.85466972419644
189.10631679583449
185.00183758738862
171.18673630839956
192.95876288659792
207.3451135019636
221.21968409803762
201.52105587467733
178.37165770828528
212.35863384905477
237.73384698734017
242.87595894109771
241.46323664817646
242.87595894109771
250.66525101224377
254.33333266945755
255
255
253.33330613333769
251.99969543657156
251.66619483902673
251.99969543657156
253.33330613333769
255
255
255
255
255
254.66666662582398
253.33330613333769
252.33314625625519
247.65315585489782
242.52571519687683
243.22450242372324
249.6632521555959
255
255
253.99999658546346
242.87595894109771
220.37462437553472
168.67395052869281
192.95876288659792
191.06385526278723
189.10631679583449
196.56332303050269
199.92688252655671
185.00183758738862
224.31606771164485
237.33852140077823
243.91703769883736
245.62732279492758
241.10459207696181
232.54196129760561
228.2520485885448
237.33852140077823
246.30508920192796
254.33333266945755
254.66666662582398
251.3326311369913
249.99740604543996
252.66655876352675
255
255
255
255
255
255
253.33330613333769
249.99740604543996
247.65315585489782
245.96657440166229
244.26128146040128
244.94628858039925
248.99434371729657
253.99999658546346
255
255
253.99999658546346
250.33139741091924
243.57148522704739
224.31606771164485
222.03495768528609
194.79165624101438
224.31606771164485
233.02101933648822
233.94887034126333
243.91703769883736
248.32441518541464
242.87595894109771
227.02176303676418
216.66666666666666
225.71277869119854
234.84038189469942
240.01247793480934
226.37765530320357
229.41193976415838
233.94887034126333
240.74339115485495
248.99434371729657
255
255
254.66666662582398
255
255
255
253.66665570203688
250.66525101224377
246.64293998552805
241.46323664817646
237.33852140077823
242.87595894109771
244.6043298896833
249.99740604543996
255
255
255
253.66665570203688
253.99999658546346
253.99999658546346
252.66655876352675
250.99898901146992
249.6632521555959
249.6632521555959
250.99898901146992
252.66655876352675
254.33333266945755
255
251.66619483902673
241.10459207696181
226.37765530320357
220.37462437553472
227.64620739663906
232.0519467204723
230.50903987854798
233.94887034126333
233.02101933648822
232.0519467204723
233.48978033799489
236.11898526157339
240.01247793480934
243.57148522704739
245.62732279492758
245.96657440166229
245.62732279492758
244.6043298896833
242.52571519687683
239.6423097903733
238.89129870926965
240.37942669512589
242.52571519687683
242.52571519687683
247.31691358952165
252.33314625625519
255
254.33333266945755
253.66665570203688
254.33333266945755
255
254.66666662582398
254.33333266945755
253.66665570203688
253.33330613333769
253.33330613333769
253.66665570203688
254.33333266945755
255
250.99898901146992
255
255
245.96657440166229
232.54196129760561
223.58179265216975
224.31606771164485
227.02176303676418
227.64620739663906
228.84030215638404
230.50903987854798
232.54196129760561
234.39888320741483
235.6999415970356
236.53148245630638
236.11898526157339
239.6423097903733
240.01247793480934
240.01247793480934
239.26867207964807
239.26867207964807
240.74339115485495
243.91703769883736
246.98019406415258
249.32890820903938
251.99969543657156
254.66666662582398
255
254.66666662582398
253.66665570203688
254.33333266945755
255
255
255
255
255
255
255
255
255
253.33330613333769
255
255
254.66666662582398
248.65952504123345
242.17362184017372
234.39888320741483
226.37765530320357
228.84030215638404
229.96789009957666
232.0519467204723
233.94887034126333
235.6999415970356
236.11898526157339
236.53148245630638
235.6999415970356
234.39888320741483
235.6999415970356
237.73384698734017
239.26867207964807
241.81951919041327
245.62732279492758
249.6632521555959
252.99994268657161
254.66666662582398
255
255
255
254.66666662582398
254.33333266945755
254.66666662582398
255
255
255
255
255
255
255
255
254.66666662582398
255
254.66666662582398
252.66655876352675
253.66665570203688
255
255
249.99740604543996
241.10459207696181
237.33852140077823
235.6999415970356
233.02101933648822
231.0362349318122
230.50903987854798
232.0519467204723
234.39888320741483
235.27389971931501
238.12419593835946
240.01247793480934
242.87595894109771
245.62732279492758
248.65952504123345
251.66619483902673
255
255
255
254.66666662582398
253.99999658546346
254.33333266945755
254.66666662582398
255
255
255
255
255
255
255
255
255
254.66666662582398
254.66666662582398
253.66665570203688
253.99999658546346
253.99999658546346
253.99999658546346
255
255
255
255
251.66619483902673
248.99434371729657
245.28725577821245
242.17362184017372
240.01247793480934
239.6423097903733
240.74339115485495
241.46323664817646
246.98019406415258
248.32441518541464
250.66525101224377
252.99994268657161
254.66666662582398
255
255
255
254.66666662582398
254.33333266945755
253.66665570203688
254.33333266945755
255
255
255
254.66666662582398
255
255
255
255
255
255
255
254.66666662582398
253.66665570203688
254.33333266945755
254.33333266945755
254.33333266945755
252.99994268657161
252.99994268657161
255
255
255
255
255
255
255
254.33333266945755
254.33333266945755
254.33333266945755
253.66665570203688
254.33333266945755
255
255
255
255
255
254.66666662582398
255
255
255
255
255
255
255
254.33333266945755
254.66666662582398
255
255
255
255
255
255
255
254.66666662582398
254.33333266945755
252.99994268657161
253.33330613333769
254.33333266945755
254.66666662582398
253.33330613333769
252.33314625625519
253.66665570203688
254.33333266945755
255
255
255
255
255
255
255
255
255
255
255
255
254.33333266945755
253.66665570203688
255
255
255
255
255
255
255
255
254.33333266945755
254.66666662582398
255
255
255
255
255
255
254.66666662582398
253.66665570203688
253.99999658546346
254.33333266945755
254.33333266945755
254.33333266945755
254.66666662582398
254.66666662582398
255
255
255
255
255
255
255
255
255
255
254.66666662582398
254.33333266945755
254.66666662582398
254.66666662582398
254.66666662582398
254.66666662582398
254.33333266945755
254.66666662582398
254.33333266945755
253.99999658546346
253.66665570203688
253.99999658546346
255
255
