255
255
255
253
246
243
241
243
245
250
255
255
255
255
255
255
255
255
255
249
247
253
255
255
255
255
255
255
255
255
253
250
255
255
255
255
255
255
253
252
255
255
255
253
246
243
243
244
237
255
255
255
253
255
255
255
255
255
255
255
255
246
246
255
253
255
255
255
255
255
249
243
255
255
255
255
255
255
252
251
255
255
255
253
246
244
244
248
253
249
255
255
255
255
254
255
250
205
156
138
130
127
139
156
197
210
226
238
248
250
248
246
255
255
255
255
255
252
252
251
255
255
255
251
248
246
248
251
245
255
255
255
255
255
219
163
133
123
127
155
191
216
230
240
229
232
236
240
242
243
244
244
251
252
253
253
252
251
251
251
255
255
255
251
248
248
251
255
255
255
255
255
240
160
109
104
131
177
230
255
255
255
255
252
255
255
255
255
250
248
246
244
248
249
250
248
246
246
247
251
255
255
253
250
250
251
255
255
255
255
255
202
127
100
113
133
235
255
255
255
250
250
251
248
241
245
249
252
253
251
248
246
242
243
244
243
239
241
246
252
253
251
251
250
251
255
255
255
255
240
185
141
105
104
171
250
255
255
255
255
250
251
248
242
248
251
255
255
255
254
250
247
239
240
239
235
232
235
244
253
250
250
250
251
255
255
255
255
255
198
126
100
127
179
236
255
255
255
255
255
250
241
242
246
250
254
255
255
255
255
255
255
236
237
236
232
228
233
244
253
248
245
250
241
255
253
255
255
186
129
139
112
156
255
255
255
255
255
255
251
246
243
243
246
244
255
255
255
255
255
255
251
230
224
217
217
228
244
250
249
248
246
248
253
255
255
255
225
134
115
136
147
236
255
255
255
255
253
250
244
241
241
243
246
253
255
255
255
255
255
251
246
234
217
205
216
234
245
250
255
248
247
246
255
255
255
251
158
122
134
131
194
255
255
255
255
250
248
244
243
241
241
244
250
255
255
255
255
253
243
243
246
222
201
196
219
244
248
249
255
249
246
250
255
255
255
204
124
139
154
144
251
255
255
243
250
248
246
244
243
243
244
248
253
252
255
255
252
241
233
230
228
186
189
205
232
244
248
252
252
251
245
255
255
255
255
148
129
142
138
188
255
255
255
234
240
250
250
248
248
250
251
255
255
254
255
253
242
234
221
194
166
169
198
227
240
244
250
253
253
253
247
255
255
255
219
121
144
150
135
242
255
255
248
239
233
255
255
255
255
255
255
255
255
255
255
240
230
220
192
144
102
191
223
237
241
239
249
253
255
254
253
255
255
255
172
130
147
158
165
255
255
255
239
236
228
255
255
255
255
255
255
255
255
255
250
235
219
184
136
106
103
221
235
239
243
241
249
255
255
253
255
253
255
248
140
150
141
139
193
255
255
255
248
230
224
255
255
255
255
255
255
255
255
255
245
236
213
148
86
95
145
234
234
235
243
246
251
253
254
255
252
255
255
249
140
149
142
136
163
253
244
226
205
198
193
208
212
218
227
238
251
255
255
234
209
158
87
72
129
200
234
246
237
248
250
246
249
255
255
244
243
255
255
234
140
148
143
143
164
255
255
254
248
244
246
225
227
234
246
255
255
255
240
212
158
102
79
112
175
227
247
248
241
250
251
247
250
255
249
222
236
250
255
223
146
154
153
156
166
255
255
255
255
255
255
244
255
255
255
255
255
238
195
139
89
69
107
173
226
250
255
248
248
251
251
246
251
251
238
214
230
249
255
226
164
170
171
164
164
255
255
255
255
255
255
255
255
255
255
255
244
185
129
60
65
106
175
230
248
254
254
250
255
253
251
248
250
245
229
222
237
255
255
238
175
181
176
159
156
255
247
255
253
246
255
255
255
255
255
229
182
114
61
58
111
183
237
253
255
246
238
254
255
255
249
249
248
234
222
241
248
255
255
241
165
167
158
143
143
219
242
244
236
230
234
255
255
236
188
125
75
52
58
136
194
244
255
255
250
237
228
255
255
255
250
250
237
222
221
246
237
250
255
236
140
143
131
132
132
179
249
255
253
249
248
226
202
158
96
37
19
62
132
209
246
255
255
254
246
236
227
255
255
254
251
248
229
211
223
230
213
231
247
233
132
138
124
138
135
158
255
255
255
255
255
167
115
53
21
24
64
140
216
242
255
255
255
248
244
241
243
255
255
253
250
246
222
205
225
187
141
223
223
255
195
164
152
153
140
146
192
241
236
217
208
58
38
23
40
95
166
220
248
255
255
247
234
231
240
255
255
255
251
251
248
237
211
210
227
105
80
176
243
255
236
184
177
165
130
102
116
147
141
99
67
15
34
72
126
189
241
255
255
255
247
236
233
236
250
255
255
245
244
248
244
224
206
212
235
57
39
106
220
255
255
190
155
121
100
70
37
23
14
6
5
49
101
169
225
255
255
255
255
250
246
244
248
255
255
255
255
238
242
241
228
211
203
219
237
26
15
39
115
156
199
134
82
63
38
8
0
5
18
20
26
149
187
235
255
255
255
255
250
244
249
255
255
255
255
253
244
232
232
224
210
203
213
231
243
36
25
26
37
39
57
37
18
0
1
3
7
22
51
103
155
217
226
241
255
255
255
255
236
242
250
255
255
255
255
236
225
223
212
197
190
206
228
242
243
100
58
31
18
0
0
0
0
5
8
18
61
116
140
140
143
193
214
236
246
253
255
253
248
249
250
254
255
251
243
232
226
198
186
177
186
214
238
246
246
173
110
48
25
0
0
0
4
30
93
144
168
163
124
76
52
119
152
191
212
222
237
254
255
255
244
231
223
219
221
222
222
171
170
178
199
225
241
248
250
228
186
108
63
9
23
49
87
156
208
209
162
110
66
30
12
67
80
104
147
200
244
255
255
255
233
206
189
186
192
202
207
158
167
191
217
232
240
245
252
252
248
243
239
239
243
246
247
241
213
159
100
64
47
33
19
31
29
30
36
48
65
84
100
112
121
129
133
136
140
151
158
213
227
245
253
251
249
253
255
254
253
249
248
250
251
251
250
230
232
212
159
95
55
37
30
30
33
39
47
55
66
75
85
102
113
124
133
141
152
167
178
233
241
252
253
252
249
253
255
253
253
251
251
253
253
255
253
244
241
228
203
162
122
85
61
55
57
63
71
79
86
94
101
106
118
133
146
161
178
195
207
249
251
253
253
252
251
254
255
250
251
250
250
251
253
255
255
255
249
234
224
218
201
166
132
102
98
95
92
96
104
112
120
137
150
164
180
195
211
225
232
250
249
250
251
252
253
255
255
251
250
249
249
249
250
254
255
255
255
254
246
239
230
220
213
173
168
157
149
145
147
153
160
182
193
206
219
231
238
243
244
249
248
249
251
253
253
255
254
255
253
251
247
247
250
253
255
255
255
255
255
251
244
242
243
220
220
219
216
214
215
217
219
221
228
238
243
246
250
251
252
251
251
253
253
253
253
255
253
255
255
253
250
248
248
251
255
255
255
255
255
255
255
255
249
232
234
237
239
237
239
239
241
243
244
248
251
253
255
255
255
251
251
253
253
253
253
255
255
255
255
255
251
248
246
248
253
255
255
255
255
255
255
255
255
251
251
251
250
250
250
248
250
250
251
252
253
255
255
255
255
248
249
251
250
249
250
255
255
