110
114
110
116
117
111
115
117
114
114
110
108
115
111
112
109
116
117
119
121
116
109
119
116
111
108
108
107
107
98
103
106
107
104
112
110
117
107
109
105
128
120
123
120
121
124
119
123
119
123
126
116
121
123
121
118
123
123
118
128
126
123
125
121
122
124
122
118
115
120
117
123
119
120
124
122
124
126
128
122
126
132
128
125
120
123
128
124
116
123
120
118
120
122
125
127
121
124
125
125
127
124
124
124
127
130
124
127
121
122
124
119
122
127
131
129
133
131
129
121
131
131
131
132
135
135
135
131
128
127
129
123
124
126
133
125
127
132
135
132
133
125
125
130
131
135
133
133
127
131
125
126
131
141
137
138
140
133
137
131
136
138
128
137
134
141
135
139
139
137
137
132
135
134
138
131
136
137
132
132
139
141
135
131
137
142
137
136
127
131
130
135
135
139
138
141
138
140
145
137
155
142
137
141
142
145
138
135
141
142
142
137
140
135
143
139
140
136
115
102
101
117
128
136
140
135
141
135
129
141
143
135
136
143
144
148
139
142
148
142
147
140
150
143
140
143
142
141
144
145
149
144
143
146
144
139
91
66
54
51
40
31
45
94
138
144
146
141
140
143
141
146
145
147
148
149
146
146
151
149
149
148
145
154
151
153
145
152
148
148
148
147
153
151
152
87
78
92
78
60
46
41
27
21
63
140
148
145
135
143
145
148
155
157
149
152
148
150
152
148
140
153
159
161
157
151
153
146
157
156
154
152
157
159
113
107
153
167
153
120
72
43
27
21
16
92
146
153
157
151
151
154
159
156
157
153
155
146
161
146
144
154
157
156
163
161
155
159
163
156
158
162
164
143
85
171
192
187
185
167
121
59
35
22
14
16
134
155
149
159
158
165
156
162
164
151
149
155
154
155
161
164
159
160
173
169
171
168
165
163
168
156
164
98
103
173
183
191
183
168
130
92
46
21
34
17
98
141
146
151
159
159
163
160
168
165
160
158
167
157
141
151
151
139
166
171
171
174
166
166
171
167
148
46
118
165
176
175
182
160
139
123
81
24
21
15
44
115
121
126
149
149
163
169
164
168
164
159
170
158
112
119
124
123
137
145
137
147
161
176
178
182
129
32
126
158
173
175
147
134
139
118
79
25
23
21
16
91
100
116
130
131
152
165
169
177
157
143
144
126
83
103
113
112
118
110
112
113
126
158
179
165
98
61
83
101
112
150
90
115
78
70
84
35
21
21
20
78
87
111
118
108
138
172
170
173
161
147
150
128
74
102
110
113
114
112
96
102
112
149
126
133
91
30
126
150
149
154
132
154
143
149
102
29
27
44
17
71
89
101
100
103
117
170
166
163
155
139
145
131
91
92
99
111
95
94
92
89
86
89
93
93
74
26
132
182
172
163
153
182
186
143
83
33
31
41
21
92
99
105
104
95
104
145
158
149
148
141
140
121
89
67
84
92
97
102
92
82
83
85
79
67
45
32
107
166
163
164
132
169
159
116
63
55
27
14
48
54
96
106
107
114
122
138
137
129
116
124
123
102
72
68
78
82
85
86
95
84
82
81
78
60
36
26
81
144
158
96
106
159
135
94
59
20
45
29
21
55
66
77
77
82
90
92
95
110
94
89
89
102
68
71
81
83
79
87
81
83
86
74
77
67
40
60
61
121
144
124
99
119
128
93
48
51
18
23
70
71
71
84
86
83
85
88
99
106
99
85
86
105
62
65
85
84
92
90
74
80
71
80
76
79
50
27
23
90
153
136
126
123
105
66
48
26
18
13
41
47
72
79
84
87
90
88
86
81
91
95
86
95
66
70
67
75
80
80
75
75
89
89
93
97
60
29
28
36
102
165
135
96
66
53
33
25
14
28
23
40
79
86
100
89
86
93
88
91
87
88
88
86
54
66
64
65
81
83
78
80
86
92
105
105
64
36
45
28
35
77
73
53
48
55
61
31
49
22
33
62
79
84
83
84
72
82
78
81
89
100
97
87
55
64
62
75
81
89
90
104
107
104
124
112
90
40
24
23
27
56
93
70
70
65
73
56
22
24
29
20
59
86
92
91
88
75
86
81
92
85
95
92
66
68
72
69
77
92
99
99
101
104
107
101
77
42
25
30
63
44
132
115
102
96
116
79
34
31
30
26
48
76
93
96
106
103
112
110
107
100
95
100
74
91
94
96
99
101
88
82
74
64
79
64
59
71
51
43
79
113
137
148
145
140
144
115
45
34
72
45
23
37
53
66
71
79
128
108
109
108
88
90
70
88
92
91
92
86
77
86
61
50
65
68
25
22
46
79
131
175
179
172
170
172
167
140
75
62
59
40
28
43
80
105
122
131
125
105
104
97
100
85
69
75
65
86
84
83
97
89
51
56
47
69
26
31
61
140
181
189
195
180
183
192
174
146
72
59
53
30
34
32
45
69
128
132
122
111
109
110
94
91
76
82
75
85
100
100
107
87
69
68
59
46
37
47
94
181
196
204
196
188
194
188
179
140
69
50
51
37
57
47
40
64
91
111
119
107
122
116
120
94
79
66
75
90
106
119
114
94
82
72
28
28
28
91
136
185
197
197
200
197
198
187
178
133
76
59
59
88
91
86
56
22
58
87
111
132
131
139
140
119
70
75
84
77
63
75
107
98
97
49
42
32
48
142
181
196
199
198
208
215
197
198
180
127
88
72
114
124
104
84
56
71
28
27
49
76
77
117
127
122
75
74
75
74
87
76
89
90
95
25
31
27
55
140
190
201
187
206
208
203
201
206
184
140
95
106
87
49
34
23
27
19
56
22
55
63
62
85
126
127
57
74
88
88
92
105
110
96
75
40
32
33
60
88
118
158
172
197
208
209
202
197
132
99
60
56
30
66
18
28
30
25
36
56
50
57
73
79
94
84
52
71
86
104
79
96
81
59
59
61
75
55
91
73
77
75
96
113
126
142
133
111
76
64
41
57
41
63
54
39
22
27
22
27
67
57
64
66
75
68
43
45
64
80
90
92
99
59
46
42
33
63
55
59
71
90
94
87
92
72
81
76
55
42
31
43
61
83
55
53
47
39
28
57
41
62
53
65
83
82
58
46
56
82
73
65
65
52
67
53
40
65
47
53
61
71
92
83
66
69
70
49
20
22
34
43
58
60
63
70
49
46
48
20
36
65
77
71
57
74
56
65
92
113
102
96
72
39
58
46
39
50
48
42
39
54
62
75
66
75
52
50
24
25
34
46
40
56
72
66
52
34
23
27
46
49
47
64
59
71
69
92
117
116
118
131
55
42
52
74
53
33
57
32
48
52
51
56
61
62
45
29
27
36
25
65
42
63
64
48
34
45
26
38
45
56
56
73
85
84
84
95
97
103
103
87
63
52
60
61
71
46
42
41
46
47
39
74
54
41
34
28
25
43
23
40
55
42
45
29
20
18
31
24
66
47
62
70
72
71
65
61
78
84
49
54
43
62
58
41
51
34
33
36
33
33
42
53
49
51
36
46
41
38
37
32
49
30
18
15
43
23
36
45
63
48
43
61
56
82
64
63
75
55
40
49
49
53
49
45
42
41
43
33
43
35
47
50
40
41
33
33
28
26
47
38
30
14
25
24
27
32
22
56
59
35
60
58
69
66
