0.975610 0.000000 
2.926829 0.000000 
4.878049 0.000000 
6.829268 0.000000 
8.780488 0.000000 
10.731707 0.000000 
12.682927 0.000000 
14.634146 0.000000 
16.585366 0.000000 
18.536585 0.000000 
20.487805 0.000000 
22.439024 0.000000 
24.390244 0.000000 
26.341463 0.000000 
28.292683 0.000000 
30.243902 0.000000 
32.195122 0.000000 
34.146341 0.000000 
36.097561 0.000000 
38.048780 0.000000 
40.000000 0.000000 
0.000000 1.689806 
1.951220 1.689806 
3.902439 1.689806 
5.853659 1.689806 
7.804878 1.689806 
9.756098 1.689806 
11.707317 1.689806 
13.658537 1.689806 
15.609756 1.689806 
17.560976 1.689806 
19.512195 1.689806 
21.463415 1.689806 
23.414634 1.689806 
25.365854 1.689806 
27.317073 1.689806 
29.268293 1.689806 
31.219512 1.689806 
33.170732 1.689806 
35.121951 1.689806 
37.073171 1.689806 
39.024390 1.689806 
0.975610 3.379611 
2.926829 3.379611 
4.878049 3.379611 
6.829268 3.379611 
8.780488 3.379611 
10.731707 3.379611 
12.682927 3.379611 
14.634146 3.379611 
16.585366 3.379611 
18.536585 3.379611 
20.487805 3.379611 
22.439024 3.379611 
24.390244 3.379611 
26.341463 3.379611 
28.292683 3.379611 
30.243902 3.379611 
32.195122 3.379611 
34.146341 3.379611 
36.097561 3.379611 
38.048780 3.379611 
40.000000 3.379611 
0.000000 5.069417 
1.951220 5.069417 
3.902439 5.069417 
5.853659 5.069417 
7.804878 5.069417 
9.756098 5.069417 
11.707317 5.069417 
13.658537 5.069417 
15.609756 5.069417 
17.560976 5.069417 
19.512195 5.069417 
21.463415 5.069417 
23.414634 5.069417 
25.365854 5.069417 
27.317073 5.069417 
29.268293 5.069417 
31.219512 5.069417 
33.170732 5.069417 
35.121951 5.069417 
37.073171 5.069417 
39.024390 5.069417 
0.975610 6.759223 
2.926829 6.759223 
4.878049 6.759223 
6.829268 6.759223 
8.780488 6.759223 
10.731707 6.759223 
12.682927 6.759223 
14.634146 6.759223 
16.585366 6.759223 
18.536585 6.759223 
20.487805 6.759223 
22.439024 6.759223 
24.390244 6.759223 
26.341463 6.759223 
28.292683 6.759223 
30.243902 6.759223 
32.195122 6.759223 
34.146341 6.759223 
36.097561 6.759223 
38.048780 6.759223 
40.000000 6.759223 
0.000000 8.449028 
1.951220 8.449028 
3.902439 8.449028 
5.853659 8.449028 
7.804878 8.449028 
9.756098 8.449028 
11.707317 8.449028 
13.658537 8.449028 
15.609756 8.449028 
17.560976 8.449028 
19.512195 8.449028 
21.463415 8.449028 
23.414634 8.449028 
25.365854 8.449028 
27.317073 8.449028 
29.268293 8.449028 
31.219512 8.449028 
33.170732 8.449028 
35.121951 8.449028 
37.073171 8.449028 
39.024390 8.449028 
0.975610 10.138834 
2.926829 10.138834 
4.878049 10.138834 
6.829268 10.138834 
8.780488 10.138834 
10.731707 10.138834 
12.682927 10.138834 
14.634146 10.138834 
16.585366 10.138834 
18.536585 10.138834 
20.487805 10.138834 
22.439024 10.138834 
24.390244 10.138834 
26.341463 10.138834 
28.292683 10.138834 
30.243902 10.138834 
32.195122 10.138834 
34.146341 10.138834 
36.097561 10.138834 
38.048780 10.138834 
40.000000 10.138834 
0.000000 11.828640 
1.951220 11.828640 
3.902439 11.828640 
5.853659 11.828640 
7.804878 11.828640 
9.756098 11.828640 
11.707317 11.828640 
13.658537 11.828640 
15.609756 11.828640 
17.560976 11.828640 
19.512195 11.828640 
21.463415 11.828640 
23.414634 11.828640 
25.365854 11.828640 
27.317073 11.828640 
29.268293 11.828640 
31.219512 11.828640 
33.170732 11.828640 
35.121951 11.828640 
37.073171 11.828640 
39.024390 11.828640 
0.975610 13.518445 
2.926829 13.518445 
4.878049 13.518445 
6.829268 13.518445 
8.780488 13.518445 
10.731707 13.518445 
12.682927 13.518445 
14.634146 13.518445 
16.585366 13.518445 
18.536585 13.518445 
20.487805 13.518445 
22.439024 13.518445 
24.390244 13.518445 
26.341463 13.518445 
28.292683 13.518445 
30.243902 13.518445 
32.195122 13.518445 
34.146341 13.518445 
36.097561 13.518445 
38.048780 13.518445 
40.000000 13.518445 
0.000000 15.208251 
1.951220 15.208251 
3.902439 15.208251 
5.853659 15.208251 
7.804878 15.208251 
9.756098 15.208251 
11.707317 15.208251 
13.658537 15.208251 
15.609756 15.208251 
17.560976 15.208251 
19.512195 15.208251 
21.463415 15.208251 
23.414634 15.208251 
25.365854 15.208251 
27.317073 15.208251 
29.268293 15.208251 
31.219512 15.208251 
33.170732 15.208251 
35.121951 15.208251 
37.073171 15.208251 
39.024390 15.208251 
0.975610 16.898057 
2.926829 16.898057 
4.878049 16.898057 
6.829268 16.898057 
8.780488 16.898057 
10.731707 16.898057 
12.682927 16.898057 
14.634146 16.898057 
16.585366 16.898057 
18.536585 16.898057 
20.487805 16.898057 
22.439024 16.898057 
24.390244 16.898057 
26.341463 16.898057 
28.292683 16.898057 
30.243902 16.898057 
32.195122 16.898057 
34.146341 16.898057 
36.097561 16.898057 
38.048780 16.898057 
40.000000 16.898057 
0.000000 18.587862 
1.951220 18.587862 
3.902439 18.587862 
5.853659 18.587862 
7.804878 18.587862 
9.756098 18.587862 
11.707317 18.587862 
13.658537 18.587862 
15.609756 18.587862 
17.560976 18.587862 
19.512195 18.587862 
21.463415 18.587862 
23.414634 18.587862 
25.365854 18.587862 
27.317073 18.587862 
29.268293 18.587862 
31.219512 18.587862 
33.170732 18.587862 
35.121951 18.587862 
37.073171 18.587862 
39.024390 18.587862 
0.975610 20.277668 
2.926829 20.277668 
4.878049 20.277668 
6.829268 20.277668 
8.780488 20.277668 
10.731707 20.277668 
12.682927 20.277668 
14.634146 20.277668 
16.585366 20.277668 
18.536585 20.277668 
20.487805 20.277668 
22.439024 20.277668 
24.390244 20.277668 
26.341463 20.277668 
28.292683 20.277668 
30.243902 20.277668 
32.195122 20.277668 
34.146341 20.277668 
36.097561 20.277668 
38.048780 20.277668 
40.000000 20.277668 
0.000000 21.967474 
1.951220 21.967474 
3.902439 21.967474 
5.853659 21.967474 
7.804878 21.967474 
9.756098 21.967474 
11.707317 21.967474 
13.658537 21.967474 
15.609756 21.967474 
17.560976 21.967474 
19.512195 21.967474 
21.463415 21.967474 
23.414634 21.967474 
25.365854 21.967474 
27.317073 21.967474 
29.268293 21.967474 
31.219512 21.967474 
33.170732 21.967474 
35.121951 21.967474 
37.073171 21.967474 
39.024390 21.967474 
0.975610 23.657279 
2.926829 23.657279 
4.878049 23.657279 
6.829268 23.657279 
8.780488 23.657279 
10.731707 23.657279 
12.682927 23.657279 
14.634146 23.657279 
16.585366 23.657279 
18.536585 23.657279 
20.487805 23.657279 
22.439024 23.657279 
24.390244 23.657279 
26.341463 23.657279 
28.292683 23.657279 
30.243902 23.657279 
32.195122 23.657279 
34.146341 23.657279 
36.097561 23.657279 
38.048780 23.657279 
40.000000 23.657279 
0.000000 25.347085 
1.951220 25.347085 
3.902439 25.347085 
5.853659 25.347085 
7.804878 25.347085 
9.756098 25.347085 
11.707317 25.347085 
13.658537 25.347085 
15.609756 25.347085 
17.560976 25.347085 
19.512195 25.347085 
21.463415 25.347085 
23.414634 25.347085 
25.365854 25.347085 
27.317073 25.347085 
29.268293 25.347085 
31.219512 25.347085 
33.170732 25.347085 
35.121951 25.347085 
37.073171 25.347085 
39.024390 25.347085 
0.975610 27.036891 
2.926829 27.036891 
4.878049 27.036891 
6.829268 27.036891 
8.780488 27.036891 
10.731707 27.036891 
12.682927 27.036891 
14.634146 27.036891 
16.585366 27.036891 
18.536585 27.036891 
20.487805 27.036891 
22.439024 27.036891 
24.390244 27.036891 
26.341463 27.036891 
28.292683 27.036891 
30.243902 27.036891 
32.195122 27.036891 
34.146341 27.036891 
36.097561 27.036891 
38.048780 27.036891 
40.000000 27.036891 
0.000000 28.726696 
1.951220 28.726696 
3.902439 28.726696 
5.853659 28.726696 
7.804878 28.726696 
9.756098 28.726696 
11.707317 28.726696 
13.658537 28.726696 
15.609756 28.726696 
17.560976 28.726696 
19.512195 28.726696 
21.463415 28.726696 
23.414634 28.726696 
25.365854 28.726696 
27.317073 28.726696 
29.268293 28.726696 
31.219512 28.726696 
33.170732 28.726696 
35.121951 28.726696 
37.073171 28.726696 
39.024390 28.726696 
0.975610 30.416502 
2.926829 30.416502 
4.878049 30.416502 
6.829268 30.416502 
8.780488 30.416502 
10.731707 30.416502 
12.682927 30.416502 
14.634146 30.416502 
16.585366 30.416502 
18.536585 30.416502 
20.487805 30.416502 
22.439024 30.416502 
24.390244 30.416502 
26.341463 30.416502 
28.292683 30.416502 
30.243902 30.416502 
32.195122 30.416502 
34.146341 30.416502 
36.097561 30.416502 
38.048780 30.416502 
40.000000 30.416502 
0.000000 32.106308 
1.951220 32.106308 
3.902439 32.106308 
5.853659 32.106308 
7.804878 32.106308 
9.756098 32.106308 
11.707317 32.106308 
13.658537 32.106308 
15.609756 32.106308 
17.560976 32.106308 
19.512195 32.106308 
21.463415 32.106308 
23.414634 32.106308 
25.365854 32.106308 
27.317073 32.106308 
29.268293 32.106308 
31.219512 32.106308 
33.170732 32.106308 
35.121951 32.106308 
37.073171 32.106308 
39.024390 32.106308 
0.975610 33.796113 
2.926829 33.796113 
4.878049 33.796113 
6.829268 33.796113 
8.780488 33.796113 
10.731707 33.796113 
12.682927 33.796113 
14.634146 33.796113 
16.585366 33.796113 
18.536585 33.796113 
20.487805 33.796113 
22.439024 33.796113 
24.390244 33.796113 
26.341463 33.796113 
28.292683 33.796113 
30.243902 33.796113 
32.195122 33.796113 
34.146341 33.796113 
36.097561 33.796113 
38.048780 33.796113 
40.000000 33.796113 
0.000000 35.485919 
1.951220 35.485919 
3.902439 35.485919 
5.853659 35.485919 
7.804878 35.485919 
9.756098 35.485919 
11.707317 35.485919 
13.658537 35.485919 
15.609756 35.485919 
17.560976 35.485919 
19.512195 35.485919 
21.463415 35.485919 
23.414634 35.485919 
25.365854 35.485919 
27.317073 35.485919 
29.268293 35.485919 
31.219512 35.485919 
33.170732 35.485919 
35.121951 35.485919 
37.073171 35.485919 
39.024390 35.485919 
0.975610 37.175725 
2.926829 37.175725 
4.878049 37.175725 
6.829268 37.175725 
8.780488 37.175725 
10.731707 37.175725 
12.682927 37.175725 
14.634146 37.175725 
16.585366 37.175725 
18.536585 37.175725 
20.487805 37.175725 
22.439024 37.175725 
24.390244 37.175725 
26.341463 37.175725 
28.292683 37.175725 
30.243902 37.175725 
32.195122 37.175725 
34.146341 37.175725 
36.097561 37.175725 
38.048780 37.175725 
40.000000 37.175725 
0.000000 38.865530 
1.951220 38.865530 
3.902439 38.865530 
5.853659 38.865530 
7.804878 38.865530 
9.756098 38.865530 
11.707317 38.865530 
13.658537 38.865530 
15.609756 38.865530 
17.560976 38.865530 
19.512195 38.865530 
21.463415 38.865530 
23.414634 38.865530 
25.365854 38.865530 
27.317073 38.865530 
29.268293 38.865530 
31.219512 38.865530 
33.170732 38.865530 
35.121951 38.865530 
37.073171 38.865530 
39.024390 38.865530 
0.975610 40.555336 
2.926829 40.555336 
4.878049 40.555336 
6.829268 40.555336 
8.780488 40.555336 
10.731707 40.555336 
12.682927 40.555336 
14.634146 40.555336 
16.585366 40.555336 
18.536585 40.555336 
20.487805 40.555336 
22.439024 40.555336 
24.390244 40.555336 
26.341463 40.555336 
28.292683 40.555336 
30.243902 40.555336 
32.195122 40.555336 
34.146341 40.555336 
36.097561 40.555336 
38.048780 40.555336 
40.000000 40.555336 
0.000000 42.245142 
1.951220 42.245142 
3.902439 42.245142 
5.853659 42.245142 
7.804878 42.245142 
9.756098 42.245142 
11.707317 42.245142 
13.658537 42.245142 
15.609756 42.245142 
17.560976 42.245142 
19.512195 42.245142 
21.463415 42.245142 
23.414634 42.245142 
25.365854 42.245142 
27.317073 42.245142 
29.268293 42.245142 
31.219512 42.245142 
33.170732 42.245142 
35.121951 42.245142 
37.073171 42.245142 
39.024390 42.245142 
0.975610 43.934947 
2.926829 43.934947 
4.878049 43.934947 
6.829268 43.934947 
8.780488 43.934947 
10.731707 43.934947 
12.682927 43.934947 
14.634146 43.934947 
16.585366 43.934947 
18.536585 43.934947 
20.487805 43.934947 
22.439024 43.934947 
24.390244 43.934947 
26.341463 43.934947 
28.292683 43.934947 
30.243902 43.934947 
32.195122 43.934947 
34.146341 43.934947 
36.097561 43.934947 
38.048780 43.934947 
40.000000 43.934947 
0.000000 45.624753 
1.951220 45.624753 
3.902439 45.624753 
5.853659 45.624753 
7.804878 45.624753 
9.756098 45.624753 
11.707317 45.624753 
13.658537 45.624753 
15.609756 45.624753 
17.560976 45.624753 
19.512195 45.624753 
21.463415 45.624753 
23.414634 45.624753 
25.365854 45.624753 
27.317073 45.624753 
29.268293 45.624753 
31.219512 45.624753 
33.170732 45.624753 
35.121951 45.624753 
37.073171 45.624753 
39.024390 45.624753 
0.975610 47.314559 
2.926829 47.314559 
4.878049 47.314559 
6.829268 47.314559 
8.780488 47.314559 
10.731707 47.314559 
12.682927 47.314559 
14.634146 47.314559 
16.585366 47.314559 
18.536585 47.314559 
20.487805 47.314559 
22.439024 47.314559 
24.390244 47.314559 
26.341463 47.314559 
28.292683 47.314559 
30.243902 47.314559 
32.195122 47.314559 
34.146341 47.314559 
36.097561 47.314559 
38.048780 47.314559 
40.000000 47.314559 
0.000000 49.004364 
1.951220 49.004364 
3.902439 49.004364 
5.853659 49.004364 
7.804878 49.004364 
9.756098 49.004364 
11.707317 49.004364 
13.658537 49.004364 
15.609756 49.004364 
17.560976 49.004364 
19.512195 49.004364 
21.463415 49.004364 
23.414634 49.004364 
25.365854 49.004364 
27.317073 49.004364 
29.268293 49.004364 
31.219512 49.004364 
33.170732 49.004364 
35.121951 49.004364 
37.073171 49.004364 
39.024390 49.004364 
0.975610 50.694170 
2.926829 50.694170 
4.878049 50.694170 
6.829268 50.694170 
8.780488 50.694170 
10.731707 50.694170 
12.682927 50.694170 
14.634146 50.694170 
16.585366 50.694170 
18.536585 50.694170 
20.487805 50.694170 
22.439024 50.694170 
24.390244 50.694170 
26.341463 50.694170 
28.292683 50.694170 
30.243902 50.694170 
32.195122 50.694170 
34.146341 50.694170 
36.097561 50.694170 
38.048780 50.694170 
40.000000 50.694170 
0.000000 52.383976 
1.951220 52.383976 
3.902439 52.383976 
5.853659 52.383976 
7.804878 52.383976 
9.756098 52.383976 
11.707317 52.383976 
13.658537 52.383976 
15.609756 52.383976 
17.560976 52.383976 
19.512195 52.383976 
21.463415 52.383976 
23.414634 52.383976 
25.365854 52.383976 
27.317073 52.383976 
29.268293 52.383976 
31.219512 52.383976 
33.170732 52.383976 
35.121951 52.383976 
37.073171 52.383976 
39.024390 52.383976 
0.975610 54.073781 
2.926829 54.073781 
4.878049 54.073781 
6.829268 54.073781 
8.780488 54.073781 
10.731707 54.073781 
12.682927 54.073781 
14.634146 54.073781 
16.585366 54.073781 
18.536585 54.073781 
20.487805 54.073781 
22.439024 54.073781 
24.390244 54.073781 
26.341463 54.073781 
28.292683 54.073781 
30.243902 54.073781 
32.195122 54.073781 
34.146341 54.073781 
36.097561 54.073781 
38.048780 54.073781 
40.000000 54.073781 
0.000000 55.763587 
1.951220 55.763587 
3.902439 55.763587 
5.853659 55.763587 
7.804878 55.763587 
9.756098 55.763587 
11.707317 55.763587 
13.658537 55.763587 
15.609756 55.763587 
17.560976 55.763587 
19.512195 55.763587 
21.463415 55.763587 
23.414634 55.763587 
25.365854 55.763587 
27.317073 55.763587 
29.268293 55.763587 
31.219512 55.763587 
33.170732 55.763587 
35.121951 55.763587 
37.073171 55.763587 
39.024390 55.763587 
0.975610 57.453393 
2.926829 57.453393 
4.878049 57.453393 
6.829268 57.453393 
8.780488 57.453393 
10.731707 57.453393 
12.682927 57.453393 
14.634146 57.453393 
16.585366 57.453393 
18.536585 57.453393 
20.487805 57.453393 
22.439024 57.453393 
24.390244 57.453393 
26.341463 57.453393 
28.292683 57.453393 
30.243902 57.453393 
32.195122 57.453393 
34.146341 57.453393 
36.097561 57.453393 
38.048780 57.453393 
40.000000 57.453393 
0.000000 59.143198 
1.951220 59.143198 
3.902439 59.143198 
5.853659 59.143198 
7.804878 59.143198 
9.756098 59.143198 
11.707317 59.143198 
13.658537 59.143198 
15.609756 59.143198 
17.560976 59.143198 
19.512195 59.143198 
21.463415 59.143198 
23.414634 59.143198 
25.365854 59.143198 
27.317073 59.143198 
29.268293 59.143198 
31.219512 59.143198 
33.170732 59.143198 
35.121951 59.143198 
37.073171 59.143198 
39.024390 59.143198 
0.975610 60.833004 
2.926829 60.833004 
4.878049 60.833004 
6.829268 60.833004 
8.780488 60.833004 
10.731707 60.833004 
12.682927 60.833004 
14.634146 60.833004 
16.585366 60.833004 
18.536585 60.833004 
20.487805 60.833004 
22.439024 60.833004 
24.390244 60.833004 
26.341463 60.833004 
28.292683 60.833004 
30.243902 60.833004 
32.195122 60.833004 
34.146341 60.833004 
36.097561 60.833004 
38.048780 60.833004 
40.000000 60.833004 
0.000000 62.522810 
1.951220 62.522810 
3.902439 62.522810 
5.853659 62.522810 
7.804878 62.522810 
9.756098 62.522810 
11.707317 62.522810 
13.658537 62.522810 
15.609756 62.522810 
17.560976 62.522810 
19.512195 62.522810 
21.463415 62.522810 
23.414634 62.522810 
25.365854 62.522810 
27.317073 62.522810 
29.268293 62.522810 
31.219512 62.522810 
33.170732 62.522810 
35.121951 62.522810 
37.073171 62.522810 
39.024390 62.522810 
0.975610 64.212615 
2.926829 64.212615 
4.878049 64.212615 
6.829268 64.212615 
8.780488 64.212615 
10.731707 64.212615 
12.682927 64.212615 
14.634146 64.212615 
16.585366 64.212615 
18.536585 64.212615 
20.487805 64.212615 
22.439024 64.212615 
24.390244 64.212615 
26.341463 64.212615 
28.292683 64.212615 
30.243902 64.212615 
32.195122 64.212615 
34.146341 64.212615 
36.097561 64.212615 
38.048780 64.212615 
40.000000 64.212615 
0.000000 65.902421 
1.951220 65.902421 
3.902439 65.902421 
5.853659 65.902421 
7.804878 65.902421 
9.756098 65.902421 
11.707317 65.902421 
13.658537 65.902421 
15.609756 65.902421 
17.560976 65.902421 
19.512195 65.902421 
21.463415 65.902421 
23.414634 65.902421 
25.365854 65.902421 
27.317073 65.902421 
29.268293 65.902421 
31.219512 65.902421 
33.170732 65.902421 
35.121951 65.902421 
37.073171 65.902421 
39.024390 65.902421 
0.975610 67.592227 
2.926829 67.592227 
4.878049 67.592227 
6.829268 67.592227 
8.780488 67.592227 
10.731707 67.592227 
12.682927 67.592227 
14.634146 67.592227 
16.585366 67.592227 
18.536585 67.592227 
20.487805 67.592227 
22.439024 67.592227 
24.390244 67.592227 
26.341463 67.592227 
28.292683 67.592227 
30.243902 67.592227 
32.195122 67.592227 
34.146341 67.592227 
36.097561 67.592227 
38.048780 67.592227 
40.000000 67.592227 
