90
87
93
91
91
86
92
89
87
89
82
86
89
83
85
88
95
91
96
96
94
85
86
89
87
83
82
85
84
77
77
75
73
72
72
76
81
77
76
86
110
112
106
104
108
108
110
106
104
106
104
103
105
106
106
108
109
105
101
109
105
102
102
105
108
104
104
103
102
98
102
102
101
101
106
107
107
109
106
104
118
120
108
113
108
107
120
111
108
111
103
109
109
108
110
116
113
114
109
109
110
108
110
110
111
112
112
111
108
112
114
109
111
110
116
116
117
119
117
113
125
119
122
118
122
116
121
121
116
114
112
114
112
116
123
117
122
122
123
120
121
116
116
114
114
123
124
119
118
122
117
114
119
122
124
122
127
117
125
115
127
124
118
126
127
125
122
127
130
130
130
125
122
125
130
131
129
125
127
126
130
133
123
122
124
125
128
127
125
121
127
128
122
126
127
131
128
132
134
121
135
132
129
130
132
135
131
127
130
135
134
132
132
131
135
136
137
134
118
115
113
115
124
128
132
127
133
122
128
134
129
128
127
133
140
139
134
133
139
130
134
133
138
131
137
139
137
138
137
140
142
139
139
141
134
139
115
109
89
78
64
60
73
102
135
137
134
133
132
135
133
135
137
142
145
144
138
139
138
137
140
136
133
145
151
146
145
145
144
145
143
144
148
146
150
115
119
130
116
97
77
59
41
41
74
137
138
137
133
135
132
141
148
152
148
147
143
148
148
144
138
141
151
157
151
143
152
147
154
157
147
149
152
150
125
146
189
205
189
159
110
69
48
38
36
100
138
143
149
142
140
147
151
155
157
152
150
146
153
144
141
149
147
151
154
161
156
156
162
155
157
162
155
142
118
205
233
226
226
208
160
98
60
39
29
28
130
146
142
151
152
156
152
154
160
152
151
155
153
147
154
156
152
153
167
162
170
165
164
160
161
157
162
118
135
212
223
229
223
209
171
129
75
47
47
30
99
133
139
146
152
151
156
161
164
164
162
157
165
155
135
141
149
141
163
168
166
174
165
162
171
166
153
81
153
203
217
216
220
198
179
161
116
53
36
29
47
107
119
120
132
136
162
168
164
166
165
153
167
152
110
105
125
122
139
147
136
144
158
174
175
182
138
67
160
198
214
216
186
174
177
156
114
50
39
35
32
86
100
102
109
114
149
165
172
178
162
140
135
116
84
89
107
114
115
114
105
108
125
152
172
165
107
92
119
145
153
192
134
159
122
109
122
61
42
39
33
73
67
90
98
93
130
173
172
175
162
144
135
119
80
96
102
107
114
111
91
101
109
148
130
125
107
70
164
192
190
199
173
191
183
192
144
55
38
50
33
64
75
77
78
78
106
170
164
160
160
136
130
124
92
90
87
95
91
94
86
80
81
94
99
92
92
67
177
221
210
205
195
224
228
185
121
53
48
51
34
92
90
90
84
76
85
139
159
157
149
138
132
116
91
73
77
83
93
96
87
78
79
89
81
74
74
72
148
210
202
203
176
216
200
157
97
67
40
30
55
48
92
91
84
89
106
125
128
124
110
122
113
97
75
69
77
76
83
86
84
80
79
86
84
62
65
62
117
186
201
134
146
197
175
135
92
40
58
32
31
64
55
66
60
67
76
83
80
99
82
82
81
98
75
75
78
81
81
87
79
84
83
81
77
66
59
90
91
170
188
172
142
163
172
135
85
66
40
39
73
75
63
71
75
74
73
76
84
95
90
81
78
103
66
72
87
85
96
94
75
78
72
79
77
79
74
62
52
129
197
181
166
163
146
104
78
45
36
27
51
59
70
70
71
73
77
71
77
76
88
89
84
87
70
77
69
78
85
85
82
78
87
85
87
98
79
68
68
59
143
208
175
136
102
86
61
44
36
49
33
52
76
88
96
78
74
75
76
79
78
82
86
86
63
69
61
65
82
80
79
81
82
90
94
104
80
69
70
49
56
107
104
84
76
78
81
49
59
35
40
63
66
71
64
71
68
71
74
75
78
95
83
86
57
68
59
77
80
77
81
87
95
99
114
106
91
66
66
50
47
84
129
102
97
98
102
90
51
40
41
31
58
71
79
78
80
70
79
78
83
83
91
103
65
68
72
68
75
88
94
89
95
101
98
100
79
68
57
52
78
65
166
150
138
132
151
117
67
51
51
43
49
77
87
86
97
97
115
123
115
107
97
109
74
87
78
77
92
113
101
96
85
86
85
70
71
82
71
67
99
144
175
182
182
178
174
154
81
72
93
57
39
44
56
68
71
80
148
123
117
120
94
100
93
84
80
92
114
114
99
109
77
69
75
81
40
53
72
111
167
208
215
207
205
208
202
181
117
98
95
59
48
56
85
104
132
143
144
117
115
102
107
98
111
112
90
105
119
108
125
111
73
76
64
83
42
56
97
181
218
227
230
216
223
228
211
188
117
100
85
49
56
61
63
85
144
145
136
127
124
123
109
102
111
115
110
116
131
122
139
119
93
94
85
73
50
85
142
217
230
239
232
227
231
222
216
180
113
92
78
57
86
82
65
79
112
132
137
128
137
131
133
110
110
100
105
114
135
141
140
124
105
109
54
46
54
138
185
224
236
236
237
232
234
224
215
175
129
95
91
119
131
119
77
41
77
111
127
141
147
161
158
139
112
115
116
114
101
109
141
135
128
79
58
52
79
184
223
235
234
237
244
247
234
234
213
174
128
110
152
159
134
109
75
81
37
53
87
98
98
132
137
143
113
116
114
111
125
112
124
128
131
41
48
44
87
179
232
237
219
237
240
238
233
238
218
176
128
139
116
77
54
36
38
27
62
39
89
98
96
120
148
139
90
125
142
140
145
146
151
127
85
50
48
57
94
125
151
193
207
233
238
240
233
229
169
129
82
72
46
71
25
30
28
30
44
62
62
107
120
114
129
128
82
133
145
151
133
143
121
81
70
67
84
81
110
100
112
113
133
154
166
176
170
145
105
88
52
62
51
80
63
45
27
29
30
35
79
95
114
100
131
95
59
99
128
144
151
153
141
78
57
55
46
86
81
78
94
118
124
117
124
107
107
92
73
45
37
54
77
90
68
71
62
53
42
65
45
79
100
105
121
103
75
70
111
131
130
127
122
66
72
61
52
83
70
70
79
95
115
110
93
91
87
60
32
25
45
60
65
73
89
93
77
70
61
32
49
78
119
122
91
98
71
89
143
152
147
142
102
52
66
52
52
65
59
60
55
72
80
94
88
90
66
59
32
36
45
52
55
78
102
93
85
51
30
31
61
62
68
98
76
88
93
121
150
146
158
164
80
58
64
80
65
46
62
51
63
62
66
73
82
79
59
36
30
44
32
71
59
82
91
71
44
45
34
47
62
63
72
106
110
100
110
128
128
135
138
118
73
67
71
68
76
61
54
57
61
61
55
88
76
60
46
36
33
44
30
45
80
67
69
43
35
37
40
27
73
60
68
103
109
107
81
83
97
103
70
65
59
71
78
58
61
50
46
46
44
45
56
70
67
60
46
52
47
44
39
39
64
41
26
32
55
39
40
46
69
48
47
69
63
93
83
87
94
74
55
65
59
74
76
67
59
54
53
41
54
48
67
67
64
53
41
41
31
33
44
43
42
19
34
45
39
38
35
54
67
48
64
70
84
96
