0.981818 0.000000 
2.945455 0.000000 
4.909091 0.000000 
6.872727 0.000000 
8.836364 0.000000 
10.800000 0.000000 
12.763636 0.000000 
14.727273 0.000000 
16.690909 0.000000 
18.654545 0.000000 
20.618182 0.000000 
22.581818 0.000000 
24.545455 0.000000 
26.509091 0.000000 
28.472727 0.000000 
30.436364 0.000000 
32.400000 0.000000 
34.363636 0.000000 
36.327273 0.000000 
38.290909 0.000000 
40.254545 0.000000 
42.218182 0.000000 
44.181818 0.000000 
46.145455 0.000000 
48.109091 0.000000 
50.072727 0.000000 
52.036364 0.000000 
54.000000 0.000000 
0.000000 1.700559 
1.963636 1.700559 
3.927273 1.700559 
5.890909 1.700559 
7.854545 1.700559 
9.818182 1.700559 
11.781818 1.700559 
13.745455 1.700559 
15.709091 1.700559 
17.672727 1.700559 
19.636364 1.700559 
21.600000 1.700559 
23.563636 1.700559 
25.527273 1.700559 
27.490909 1.700559 
29.454545 1.700559 
31.418182 1.700559 
33.381818 1.700559 
35.345455 1.700559 
37.309091 1.700559 
39.272727 1.700559 
41.236364 1.700559 
43.200000 1.700559 
45.163636 1.700559 
47.127273 1.700559 
49.090909 1.700559 
51.054545 1.700559 
53.018182 1.700559 
0.981818 3.401118 
2.945455 3.401118 
4.909091 3.401118 
6.872727 3.401118 
8.836364 3.401118 
10.800000 3.401118 
12.763636 3.401118 
14.727273 3.401118 
16.690909 3.401118 
18.654545 3.401118 
20.618182 3.401118 
22.581818 3.401118 
24.545455 3.401118 
26.509091 3.401118 
28.472727 3.401118 
30.436364 3.401118 
32.400000 3.401118 
34.363636 3.401118 
36.327273 3.401118 
38.290909 3.401118 
40.254545 3.401118 
42.218182 3.401118 
44.181818 3.401118 
46.145455 3.401118 
48.109091 3.401118 
50.072727 3.401118 
52.036364 3.401118 
54.000000 3.401118 
0.000000 5.101677 
1.963636 5.101677 
3.927273 5.101677 
5.890909 5.101677 
7.854545 5.101677 
9.818182 5.101677 
11.781818 5.101677 
13.745455 5.101677 
15.709091 5.101677 
17.672727 5.101677 
19.636364 5.101677 
21.600000 5.101677 
23.563636 5.101677 
25.527273 5.101677 
27.490909 5.101677 
29.454545 5.101677 
31.418182 5.101677 
33.381818 5.101677 
35.345455 5.101677 
37.309091 5.101677 
39.272727 5.101677 
41.236364 5.101677 
43.200000 5.101677 
45.163636 5.101677 
47.127273 5.101677 
49.090909 5.101677 
51.054545 5.101677 
53.018182 5.101677 
0.981818 6.802236 
2.945455 6.802236 
4.909091 6.802236 
6.872727 6.802236 
8.836364 6.802236 
10.800000 6.802236 
12.763636 6.802236 
14.727273 6.802236 
16.690909 6.802236 
18.654545 6.802236 
20.618182 6.802236 
22.581818 6.802236 
24.545455 6.802236 
26.509091 6.802236 
28.472727 6.802236 
30.436364 6.802236 
32.400000 6.802236 
34.363636 6.802236 
36.327273 6.802236 
38.290909 6.802236 
40.254545 6.802236 
42.218182 6.802236 
44.181818 6.802236 
46.145455 6.802236 
48.109091 6.802236 
50.072727 6.802236 
52.036364 6.802236 
54.000000 6.802236 
0.000000 8.502795 
1.963636 8.502795 
3.927273 8.502795 
5.890909 8.502795 
7.854545 8.502795 
9.818182 8.502795 
11.781818 8.502795 
13.745455 8.502795 
15.709091 8.502795 
17.672727 8.502795 
19.636364 8.502795 
21.600000 8.502795 
23.563636 8.502795 
25.527273 8.502795 
27.490909 8.502795 
29.454545 8.502795 
31.418182 8.502795 
33.381818 8.502795 
35.345455 8.502795 
37.309091 8.502795 
39.272727 8.502795 
41.236364 8.502795 
43.200000 8.502795 
45.163636 8.502795 
47.127273 8.502795 
49.090909 8.502795 
51.054545 8.502795 
53.018182 8.502795 
0.981818 10.203354 
2.945455 10.203354 
4.909091 10.203354 
6.872727 10.203354 
8.836364 10.203354 
10.800000 10.203354 
12.763636 10.203354 
14.727273 10.203354 
16.690909 10.203354 
18.654545 10.203354 
20.618182 10.203354 
22.581818 10.203354 
24.545455 10.203354 
26.509091 10.203354 
28.472727 10.203354 
30.436364 10.203354 
32.400000 10.203354 
34.363636 10.203354 
36.327273 10.203354 
38.290909 10.203354 
40.254545 10.203354 
42.218182 10.203354 
44.181818 10.203354 
46.145455 10.203354 
48.109091 10.203354 
50.072727 10.203354 
52.036364 10.203354 
54.000000 10.203354 
0.000000 11.903913 
1.963636 11.903913 
3.927273 11.903913 
5.890909 11.903913 
7.854545 11.903913 
9.818182 11.903913 
11.781818 11.903913 
13.745455 11.903913 
15.709091 11.903913 
17.672727 11.903913 
19.636364 11.903913 
21.600000 11.903913 
23.563636 11.903913 
25.527273 11.903913 
27.490909 11.903913 
29.454545 11.903913 
31.418182 11.903913 
33.381818 11.903913 
35.345455 11.903913 
37.309091 11.903913 
39.272727 11.903913 
41.236364 11.903913 
43.200000 11.903913 
45.163636 11.903913 
47.127273 11.903913 
49.090909 11.903913 
51.054545 11.903913 
53.018182 11.903913 
0.981818 13.604472 
2.945455 13.604472 
4.909091 13.604472 
6.872727 13.604472 
8.836364 13.604472 
10.800000 13.604472 
12.763636 13.604472 
14.727273 13.604472 
16.690909 13.604472 
18.654545 13.604472 
20.618182 13.604472 
22.581818 13.604472 
24.545455 13.604472 
26.509091 13.604472 
28.472727 13.604472 
30.436364 13.604472 
32.400000 13.604472 
34.363636 13.604472 
36.327273 13.604472 
38.290909 13.604472 
40.254545 13.604472 
42.218182 13.604472 
44.181818 13.604472 
46.145455 13.604472 
48.109091 13.604472 
50.072727 13.604472 
52.036364 13.604472 
54.000000 13.604472 
0.000000 15.305031 
1.963636 15.305031 
3.927273 15.305031 
5.890909 15.305031 
7.854545 15.305031 
9.818182 15.305031 
11.781818 15.305031 
13.745455 15.305031 
15.709091 15.305031 
17.672727 15.305031 
19.636364 15.305031 
21.600000 15.305031 
23.563636 15.305031 
25.527273 15.305031 
27.490909 15.305031 
29.454545 15.305031 
31.418182 15.305031 
33.381818 15.305031 
35.345455 15.305031 
37.309091 15.305031 
39.272727 15.305031 
41.236364 15.305031 
43.200000 15.305031 
45.163636 15.305031 
47.127273 15.305031 
49.090909 15.305031 
51.054545 15.305031 
53.018182 15.305031 
0.981818 17.005590 
2.945455 17.005590 
4.909091 17.005590 
6.872727 17.005590 
8.836364 17.005590 
10.800000 17.005590 
12.763636 17.005590 
14.727273 17.005590 
16.690909 17.005590 
18.654545 17.005590 
20.618182 17.005590 
22.581818 17.005590 
24.545455 17.005590 
26.509091 17.005590 
28.472727 17.005590 
30.436364 17.005590 
32.400000 17.005590 
34.363636 17.005590 
36.327273 17.005590 
38.290909 17.005590 
40.254545 17.005590 
42.218182 17.005590 
44.181818 17.005590 
46.145455 17.005590 
48.109091 17.005590 
50.072727 17.005590 
52.036364 17.005590 
54.000000 17.005590 
0.000000 18.706149 
1.963636 18.706149 
3.927273 18.706149 
5.890909 18.706149 
7.854545 18.706149 
9.818182 18.706149 
11.781818 18.706149 
13.745455 18.706149 
15.709091 18.706149 
17.672727 18.706149 
19.636364 18.706149 
21.600000 18.706149 
23.563636 18.706149 
25.527273 18.706149 
27.490909 18.706149 
29.454545 18.706149 
31.418182 18.706149 
33.381818 18.706149 
35.345455 18.706149 
37.309091 18.706149 
39.272727 18.706149 
41.236364 18.706149 
43.200000 18.706149 
45.163636 18.706149 
47.127273 18.706149 
49.090909 18.706149 
51.054545 18.706149 
53.018182 18.706149 
0.981818 20.406708 
2.945455 20.406708 
4.909091 20.406708 
6.872727 20.406708 
8.836364 20.406708 
10.800000 20.406708 
12.763636 20.406708 
14.727273 20.406708 
16.690909 20.406708 
18.654545 20.406708 
20.618182 20.406708 
22.581818 20.406708 
24.545455 20.406708 
26.509091 20.406708 
28.472727 20.406708 
30.436364 20.406708 
32.400000 20.406708 
34.363636 20.406708 
36.327273 20.406708 
38.290909 20.406708 
40.254545 20.406708 
42.218182 20.406708 
44.181818 20.406708 
46.145455 20.406708 
48.109091 20.406708 
50.072727 20.406708 
52.036364 20.406708 
54.000000 20.406708 
0.000000 22.107267 
1.963636 22.107267 
3.927273 22.107267 
5.890909 22.107267 
7.854545 22.107267 
9.818182 22.107267 
11.781818 22.107267 
13.745455 22.107267 
15.709091 22.107267 
17.672727 22.107267 
19.636364 22.107267 
21.600000 22.107267 
23.563636 22.107267 
25.527273 22.107267 
27.490909 22.107267 
29.454545 22.107267 
31.418182 22.107267 
33.381818 22.107267 
35.345455 22.107267 
37.309091 22.107267 
39.272727 22.107267 
41.236364 22.107267 
43.200000 22.107267 
45.163636 22.107267 
47.127273 22.107267 
49.090909 22.107267 
51.054545 22.107267 
53.018182 22.107267 
0.981818 23.807826 
2.945455 23.807826 
4.909091 23.807826 
6.872727 23.807826 
8.836364 23.807826 
10.800000 23.807826 
12.763636 23.807826 
14.727273 23.807826 
16.690909 23.807826 
18.654545 23.807826 
20.618182 23.807826 
22.581818 23.807826 
24.545455 23.807826 
26.509091 23.807826 
28.472727 23.807826 
30.436364 23.807826 
32.400000 23.807826 
34.363636 23.807826 
36.327273 23.807826 
38.290909 23.807826 
40.254545 23.807826 
42.218182 23.807826 
44.181818 23.807826 
46.145455 23.807826 
48.109091 23.807826 
50.072727 23.807826 
52.036364 23.807826 
54.000000 23.807826 
0.000000 25.508385 
1.963636 25.508385 
3.927273 25.508385 
5.890909 25.508385 
7.854545 25.508385 
9.818182 25.508385 
11.781818 25.508385 
13.745455 25.508385 
15.709091 25.508385 
17.672727 25.508385 
19.636364 25.508385 
21.600000 25.508385 
23.563636 25.508385 
25.527273 25.508385 
27.490909 25.508385 
29.454545 25.508385 
31.418182 25.508385 
33.381818 25.508385 
35.345455 25.508385 
37.309091 25.508385 
39.272727 25.508385 
41.236364 25.508385 
43.200000 25.508385 
45.163636 25.508385 
47.127273 25.508385 
49.090909 25.508385 
51.054545 25.508385 
53.018182 25.508385 
0.981818 27.208944 
2.945455 27.208944 
4.909091 27.208944 
6.872727 27.208944 
8.836364 27.208944 
10.800000 27.208944 
12.763636 27.208944 
14.727273 27.208944 
16.690909 27.208944 
18.654545 27.208944 
20.618182 27.208944 
22.581818 27.208944 
24.545455 27.208944 
26.509091 27.208944 
28.472727 27.208944 
30.436364 27.208944 
32.400000 27.208944 
34.363636 27.208944 
36.327273 27.208944 
38.290909 27.208944 
40.254545 27.208944 
42.218182 27.208944 
44.181818 27.208944 
46.145455 27.208944 
48.109091 27.208944 
50.072727 27.208944 
52.036364 27.208944 
54.000000 27.208944 
0.000000 28.909503 
1.963636 28.909503 
3.927273 28.909503 
5.890909 28.909503 
7.854545 28.909503 
9.818182 28.909503 
11.781818 28.909503 
13.745455 28.909503 
15.709091 28.909503 
17.672727 28.909503 
19.636364 28.909503 
21.600000 28.909503 
23.563636 28.909503 
25.527273 28.909503 
27.490909 28.909503 
29.454545 28.909503 
31.418182 28.909503 
33.381818 28.909503 
35.345455 28.909503 
37.309091 28.909503 
39.272727 28.909503 
41.236364 28.909503 
43.200000 28.909503 
45.163636 28.909503 
47.127273 28.909503 
49.090909 28.909503 
51.054545 28.909503 
53.018182 28.909503 
0.981818 30.610062 
2.945455 30.610062 
4.909091 30.610062 
6.872727 30.610062 
8.836364 30.610062 
10.800000 30.610062 
12.763636 30.610062 
14.727273 30.610062 
16.690909 30.610062 
18.654545 30.610062 
20.618182 30.610062 
22.581818 30.610062 
24.545455 30.610062 
26.509091 30.610062 
28.472727 30.610062 
30.436364 30.610062 
32.400000 30.610062 
34.363636 30.610062 
36.327273 30.610062 
38.290909 30.610062 
40.254545 30.610062 
42.218182 30.610062 
44.181818 30.610062 
46.145455 30.610062 
48.109091 30.610062 
50.072727 30.610062 
52.036364 30.610062 
54.000000 30.610062 
0.000000 32.310621 
1.963636 32.310621 
3.927273 32.310621 
5.890909 32.310621 
7.854545 32.310621 
9.818182 32.310621 
11.781818 32.310621 
13.745455 32.310621 
15.709091 32.310621 
17.672727 32.310621 
19.636364 32.310621 
21.600000 32.310621 
23.563636 32.310621 
25.527273 32.310621 
27.490909 32.310621 
29.454545 32.310621 
31.418182 32.310621 
33.381818 32.310621 
35.345455 32.310621 
37.309091 32.310621 
39.272727 32.310621 
41.236364 32.310621 
43.200000 32.310621 
45.163636 32.310621 
47.127273 32.310621 
49.090909 32.310621 
51.054545 32.310621 
53.018182 32.310621 
0.981818 34.011179 
2.945455 34.011179 
4.909091 34.011179 
6.872727 34.011179 
8.836364 34.011179 
10.800000 34.011179 
12.763636 34.011179 
14.727273 34.011179 
16.690909 34.011179 
18.654545 34.011179 
20.618182 34.011179 
22.581818 34.011179 
24.545455 34.011179 
26.509091 34.011179 
28.472727 34.011179 
30.436364 34.011179 
32.400000 34.011179 
34.363636 34.011179 
36.327273 34.011179 
38.290909 34.011179 
40.254545 34.011179 
42.218182 34.011179 
44.181818 34.011179 
46.145455 34.011179 
48.109091 34.011179 
50.072727 34.011179 
52.036364 34.011179 
54.000000 34.011179 
0.000000 35.711738 
1.963636 35.711738 
3.927273 35.711738 
5.890909 35.711738 
7.854545 35.711738 
9.818182 35.711738 
11.781818 35.711738 
13.745455 35.711738 
15.709091 35.711738 
17.672727 35.711738 
19.636364 35.711738 
21.600000 35.711738 
23.563636 35.711738 
25.527273 35.711738 
27.490909 35.711738 
29.454545 35.711738 
31.418182 35.711738 
33.381818 35.711738 
35.345455 35.711738 
37.309091 35.711738 
39.272727 35.711738 
41.236364 35.711738 
43.200000 35.711738 
45.163636 35.711738 
47.127273 35.711738 
49.090909 35.711738 
51.054545 35.711738 
53.018182 35.711738 
0.981818 37.412297 
2.945455 37.412297 
4.909091 37.412297 
6.872727 37.412297 
8.836364 37.412297 
10.800000 37.412297 
12.763636 37.412297 
14.727273 37.412297 
16.690909 37.412297 
18.654545 37.412297 
20.618182 37.412297 
22.581818 37.412297 
24.545455 37.412297 
26.509091 37.412297 
28.472727 37.412297 
30.436364 37.412297 
32.400000 37.412297 
34.363636 37.412297 
36.327273 37.412297 
38.290909 37.412297 
40.254545 37.412297 
42.218182 37.412297 
44.181818 37.412297 
46.145455 37.412297 
48.109091 37.412297 
50.072727 37.412297 
52.036364 37.412297 
54.000000 37.412297 
0.000000 39.112856 
1.963636 39.112856 
3.927273 39.112856 
5.890909 39.112856 
7.854545 39.112856 
9.818182 39.112856 
11.781818 39.112856 
13.745455 39.112856 
15.709091 39.112856 
17.672727 39.112856 
19.636364 39.112856 
21.600000 39.112856 
23.563636 39.112856 
25.527273 39.112856 
27.490909 39.112856 
29.454545 39.112856 
31.418182 39.112856 
33.381818 39.112856 
35.345455 39.112856 
37.309091 39.112856 
39.272727 39.112856 
41.236364 39.112856 
43.200000 39.112856 
45.163636 39.112856 
47.127273 39.112856 
49.090909 39.112856 
51.054545 39.112856 
53.018182 39.112856 
0.981818 40.813415 
2.945455 40.813415 
4.909091 40.813415 
6.872727 40.813415 
8.836364 40.813415 
10.800000 40.813415 
12.763636 40.813415 
14.727273 40.813415 
16.690909 40.813415 
18.654545 40.813415 
20.618182 40.813415 
22.581818 40.813415 
24.545455 40.813415 
26.509091 40.813415 
28.472727 40.813415 
30.436364 40.813415 
32.400000 40.813415 
34.363636 40.813415 
36.327273 40.813415 
38.290909 40.813415 
40.254545 40.813415 
42.218182 40.813415 
44.181818 40.813415 
46.145455 40.813415 
48.109091 40.813415 
50.072727 40.813415 
52.036364 40.813415 
54.000000 40.813415 
0.000000 42.513974 
1.963636 42.513974 
3.927273 42.513974 
5.890909 42.513974 
7.854545 42.513974 
9.818182 42.513974 
11.781818 42.513974 
13.745455 42.513974 
15.709091 42.513974 
17.672727 42.513974 
19.636364 42.513974 
21.600000 42.513974 
23.563636 42.513974 
25.527273 42.513974 
27.490909 42.513974 
29.454545 42.513974 
31.418182 42.513974 
33.381818 42.513974 
35.345455 42.513974 
37.309091 42.513974 
39.272727 42.513974 
41.236364 42.513974 
43.200000 42.513974 
45.163636 42.513974 
47.127273 42.513974 
49.090909 42.513974 
51.054545 42.513974 
53.018182 42.513974 
0.981818 44.214533 
2.945455 44.214533 
4.909091 44.214533 
6.872727 44.214533 
8.836364 44.214533 
10.800000 44.214533 
12.763636 44.214533 
14.727273 44.214533 
16.690909 44.214533 
18.654545 44.214533 
20.618182 44.214533 
22.581818 44.214533 
24.545455 44.214533 
26.509091 44.214533 
28.472727 44.214533 
30.436364 44.214533 
32.400000 44.214533 
34.363636 44.214533 
36.327273 44.214533 
38.290909 44.214533 
40.254545 44.214533 
42.218182 44.214533 
44.181818 44.214533 
46.145455 44.214533 
48.109091 44.214533 
50.072727 44.214533 
52.036364 44.214533 
54.000000 44.214533 
0.000000 45.915092 
1.963636 45.915092 
3.927273 45.915092 
5.890909 45.915092 
7.854545 45.915092 
9.818182 45.915092 
11.781818 45.915092 
13.745455 45.915092 
15.709091 45.915092 
17.672727 45.915092 
19.636364 45.915092 
21.600000 45.915092 
23.563636 45.915092 
25.527273 45.915092 
27.490909 45.915092 
29.454545 45.915092 
31.418182 45.915092 
33.381818 45.915092 
35.345455 45.915092 
37.309091 45.915092 
39.272727 45.915092 
41.236364 45.915092 
43.200000 45.915092 
45.163636 45.915092 
47.127273 45.915092 
49.090909 45.915092 
51.054545 45.915092 
53.018182 45.915092 
0.981818 47.615651 
2.945455 47.615651 
4.909091 47.615651 
6.872727 47.615651 
8.836364 47.615651 
10.800000 47.615651 
12.763636 47.615651 
14.727273 47.615651 
16.690909 47.615651 
18.654545 47.615651 
20.618182 47.615651 
22.581818 47.615651 
24.545455 47.615651 
26.509091 47.615651 
28.472727 47.615651 
30.436364 47.615651 
32.400000 47.615651 
34.363636 47.615651 
36.327273 47.615651 
38.290909 47.615651 
40.254545 47.615651 
42.218182 47.615651 
44.181818 47.615651 
46.145455 47.615651 
48.109091 47.615651 
50.072727 47.615651 
52.036364 47.615651 
54.000000 47.615651 
0.000000 49.316210 
1.963636 49.316210 
3.927273 49.316210 
5.890909 49.316210 
7.854545 49.316210 
9.818182 49.316210 
11.781818 49.316210 
13.745455 49.316210 
15.709091 49.316210 
17.672727 49.316210 
19.636364 49.316210 
21.600000 49.316210 
23.563636 49.316210 
25.527273 49.316210 
27.490909 49.316210 
29.454545 49.316210 
31.418182 49.316210 
33.381818 49.316210 
35.345455 49.316210 
37.309091 49.316210 
39.272727 49.316210 
41.236364 49.316210 
43.200000 49.316210 
45.163636 49.316210 
47.127273 49.316210 
49.090909 49.316210 
51.054545 49.316210 
53.018182 49.316210 
0.981818 51.016769 
2.945455 51.016769 
4.909091 51.016769 
6.872727 51.016769 
8.836364 51.016769 
10.800000 51.016769 
12.763636 51.016769 
14.727273 51.016769 
16.690909 51.016769 
18.654545 51.016769 
20.618182 51.016769 
22.581818 51.016769 
24.545455 51.016769 
26.509091 51.016769 
28.472727 51.016769 
30.436364 51.016769 
32.400000 51.016769 
34.363636 51.016769 
36.327273 51.016769 
38.290909 51.016769 
40.254545 51.016769 
42.218182 51.016769 
44.181818 51.016769 
46.145455 51.016769 
48.109091 51.016769 
50.072727 51.016769 
52.036364 51.016769 
54.000000 51.016769 
0.000000 52.717328 
1.963636 52.717328 
3.927273 52.717328 
5.890909 52.717328 
7.854545 52.717328 
9.818182 52.717328 
11.781818 52.717328 
13.745455 52.717328 
15.709091 52.717328 
17.672727 52.717328 
19.636364 52.717328 
21.600000 52.717328 
23.563636 52.717328 
25.527273 52.717328 
27.490909 52.717328 
29.454545 52.717328 
31.418182 52.717328 
33.381818 52.717328 
35.345455 52.717328 
37.309091 52.717328 
39.272727 52.717328 
41.236364 52.717328 
43.200000 52.717328 
45.163636 52.717328 
47.127273 52.717328 
49.090909 52.717328 
51.054545 52.717328 
53.018182 52.717328 
0.981818 54.417887 
2.945455 54.417887 
4.909091 54.417887 
6.872727 54.417887 
8.836364 54.417887 
10.800000 54.417887 
12.763636 54.417887 
14.727273 54.417887 
16.690909 54.417887 
18.654545 54.417887 
20.618182 54.417887 
22.581818 54.417887 
24.545455 54.417887 
26.509091 54.417887 
28.472727 54.417887 
30.436364 54.417887 
32.400000 54.417887 
34.363636 54.417887 
36.327273 54.417887 
38.290909 54.417887 
40.254545 54.417887 
42.218182 54.417887 
44.181818 54.417887 
46.145455 54.417887 
48.109091 54.417887 
50.072727 54.417887 
52.036364 54.417887 
54.000000 54.417887 
