1 22 23
1 23 2
2 23 24
2 24 3
3 24 25
3 25 4
4 25 26
4 26 5
5 26 27
5 27 6
6 27 28
6 28 7
7 28 29
7 29 8
8 29 30
8 30 9
9 30 31
9 31 10
10 31 32
10 32 11
11 32 33
11 33 12
12 33 34
12 34 13
13 34 35
13 35 14
14 35 36
14 36 15
15 36 37
15 37 16
16 37 38
16 38 17
17 38 39
17 39 18
18 39 40
18 40 19
19 40 41
19 41 20
20 41 42
20 42 21
22 43 23
23 43 44
23 44 24
24 44 45
24 45 25
25 45 46
25 46 26
26 46 47
26 47 27
27 47 48
27 48 28
28 48 49
28 49 29
29 49 50
29 50 30
30 50 51
30 51 31
31 51 52
31 52 32
32 52 53
32 53 33
33 53 54
33 54 34
34 54 55
34 55 35
35 55 56
35 56 36
36 56 57
36 57 37
37 57 58
37 58 38
38 58 59
38 59 39
39 59 60
39 60 40
40 60 61
40 61 41
41 61 62
41 62 42
42 62 63
43 64 65
43 65 44
44 65 66
44 66 45
45 66 67
45 67 46
46 67 68
46 68 47
47 68 69
47 69 48
48 69 70
48 70 49
49 70 71
49 71 50
50 71 72
50 72 51
51 72 73
51 73 52
52 73 74
52 74 53
53 74 75
53 75 54
54 75 76
54 76 55
55 76 77
55 77 56
56 77 78
56 78 57
57 78 79
57 79 58
58 79 80
58 80 59
59 80 81
59 81 60
60 81 82
60 82 61
61 82 83
61 83 62
62 83 84
62 84 63
64 85 65
65 85 86
65 86 66
66 86 87
66 87 67
67 87 88
67 88 68
68 88 89
68 89 69
69 89 90
69 90 70
70 90 91
70 91 71
71 91 92
71 92 72
72 92 93
72 93 73
73 93 94
73 94 74
74 94 95
74 95 75
75 95 96
75 96 76
76 96 97
76 97 77
77 97 98
77 98 78
78 98 99
78 99 79
79 99 100
79 100 80
80 100 101
80 101 81
81 101 102
81 102 82
82 102 103
82 103 83
83 103 104
83 104 84
84 104 105
85 106 107
85 107 86
86 107 108
86 108 87
87 108 109
87 109 88
88 109 110
88 110 89
89 110 111
89 111 90
90 111 112
90 112 91
91 112 113
91 113 92
92 113 114
92 114 93
93 114 115
93 115 94
94 115 116
94 116 95
95 116 117
95 117 96
96 117 118
96 118 97
97 118 119
97 119 98
98 119 120
98 120 99
99 120 121
99 121 100
100 121 122
100 122 101
101 122 123
101 123 102
102 123 124
102 124 103
103 124 125
103 125 104
104 125 126
104 126 105
106 127 107
107 127 128
107 128 108
108 128 129
108 129 109
109 129 130
109 130 110
110 130 131
110 131 111
111 131 132
111 132 112
112 132 133
112 133 113
113 133 134
113 134 114
114 134 135
114 135 115
115 135 136
115 136 116
116 136 137
116 137 117
117 137 138
117 138 118
118 138 139
118 139 119
119 139 140
119 140 120
120 140 141
120 141 121
121 141 142
121 142 122
122 142 143
122 143 123
123 143 144
123 144 124
124 144 145
124 145 125
125 145 146
125 146 126
126 146 147
127 148 149
127 149 128
128 149 150
128 150 129
129 150 151
129 151 130
130 151 152
130 152 131
131 152 153
131 153 132
132 153 154
132 154 133
133 154 155
133 155 134
134 155 156
134 156 135
135 156 157
135 157 136
136 157 158
136 158 137
137 158 159
137 159 138
138 159 160
138 160 139
139 160 161
139 161 140
140 161 162
140 162 141
141 162 163
141 163 142
142 163 164
142 164 143
143 164 165
143 165 144
144 165 166
144 166 145
145 166 167
145 167 146
146 167 168
146 168 147
148 169 149
149 169 170
149 170 150
150 170 171
150 171 151
151 171 172
151 172 152
152 172 173
152 173 153
153 173 174
153 174 154
154 174 175
154 175 155
155 175 176
155 176 156
156 176 177
156 177 157
157 177 178
157 178 158
158 178 179
158 179 159
159 179 180
159 180 160
160 180 181
160 181 161
161 181 182
161 182 162
162 182 183
162 183 163
163 183 184
163 184 164
164 184 185
164 185 165
165 185 186
165 186 166
166 186 187
166 187 167
167 187 188
167 188 168
168 188 189
169 190 191
169 191 170
170 191 192
170 192 171
171 192 193
171 193 172
172 193 194
172 194 173
173 194 195
173 195 174
174 195 196
174 196 175
175 196 197
175 197 176
176 197 198
176 198 177
177 198 199
177 199 178
178 199 200
178 200 179
179 200 201
179 201 180
180 201 202
180 202 181
181 202 203
181 203 182
182 203 204
182 204 183
183 204 205
183 205 184
184 205 206
184 206 185
185 206 207
185 207 186
186 207 208
186 208 187
187 208 209
187 209 188
188 209 210
188 210 189
190 211 191
191 211 212
191 212 192
192 212 213
192 213 193
193 213 214
193 214 194
194 214 215
194 215 195
195 215 216
195 216 196
196 216 217
196 217 197
197 217 218
197 218 198
198 218 219
198 219 199
199 219 220
199 220 200
200 220 221
200 221 201
201 221 222
201 222 202
202 222 223
202 223 203
203 223 224
203 224 204
204 224 225
204 225 205
205 225 226
205 226 206
206 226 227
206 227 207
207 227 228
207 228 208
208 228 229
208 229 209
209 229 230
209 230 210
210 230 231
211 232 233
211 233 212
212 233 234
212 234 213
213 234 235
213 235 214
214 235 236
214 236 215
215 236 237
215 237 216
216 237 238
216 238 217
217 238 239
217 239 218
218 239 240
218 240 219
219 240 241
219 241 220
220 241 242
220 242 221
221 242 243
221 243 222
222 243 244
222 244 223
223 244 245
223 245 224
224 245 246
224 246 225
225 246 247
225 247 226
226 247 248
226 248 227
227 248 249
227 249 228
228 249 250
228 250 229
229 250 251
229 251 230
230 251 252
230 252 231
232 253 233
233 253 254
233 254 234
234 254 255
234 255 235
235 255 256
235 256 236
236 256 257
236 257 237
237 257 258
237 258 238
238 258 259
238 259 239
239 259 260
239 260 240
240 260 261
240 261 241
241 261 262
241 262 242
242 262 263
242 263 243
243 263 264
243 264 244
244 264 265
244 265 245
245 265 266
245 266 246
246 266 267
246 267 247
247 267 268
247 268 248
248 268 269
248 269 249
249 269 270
249 270 250
250 270 271
250 271 251
251 271 272
251 272 252
252 272 273
253 274 275
253 275 254
254 275 276
254 276 255
255 276 277
255 277 256
256 277 278
256 278 257
257 278 279
257 279 258
258 279 280
258 280 259
259 280 281
259 281 260
260 281 282
260 282 261
261 282 283
261 283 262
262 283 284
262 284 263
263 284 285
263 285 264
264 285 286
264 286 265
265 286 287
265 287 266
266 287 288
266 288 267
267 288 289
267 289 268
268 289 290
268 290 269
269 290 291
269 291 270
270 291 292
270 292 271
271 292 293
271 293 272
272 293 294
272 294 273
274 295 275
275 295 296
275 296 276
276 296 297
276 297 277
277 297 298
277 298 278
278 298 299
278 299 279
279 299 300
279 300 280
280 300 301
280 301 281
281 301 302
281 302 282
282 302 303
282 303 283
283 303 304
283 304 284
284 304 305
284 305 285
285 305 306
285 306 286
286 306 307
286 307 287
287 307 308
287 308 288
288 308 309
288 309 289
289 309 310
289 310 290
290 310 311
290 311 291
291 311 312
291 312 292
292 312 313
292 313 293
293 313 314
293 314 294
294 314 315
295 316 317
295 317 296
296 317 318
296 318 297
297 318 319
297 319 298
298 319 320
298 320 299
299 320 321
299 321 300
300 321 322
300 322 301
301 322 323
301 323 302
302 323 324
302 324 303
303 324 325
303 325 304
304 325 326
304 326 305
305 326 327
305 327 306
306 327 328
306 328 307
307 328 329
307 329 308
308 329 330
308 330 309
309 330 331
309 331 310
310 331 332
310 332 311
311 332 333
311 333 312
312 333 334
312 334 313
313 334 335
313 335 314
314 335 336
314 336 315
316 337 317
317 337 338
317 338 318
318 338 339
318 339 319
319 339 340
319 340 320
320 340 341
320 341 321
321 341 342
321 342 322
322 342 343
322 343 323
323 343 344
323 344 324
324 344 345
324 345 325
325 345 346
325 346 326
326 346 347
326 347 327
327 347 348
327 348 328
328 348 349
328 349 329
329 349 350
329 350 330
330 350 351
330 351 331
331 351 352
331 352 332
332 352 353
332 353 333
333 353 354
333 354 334
334 354 355
334 355 335
335 355 356
335 356 336
336 356 357
337 358 359
337 359 338
338 359 360
338 360 339
339 360 361
339 361 340
340 361 362
340 362 341
341 362 363
341 363 342
342 363 364
342 364 343
343 364 365
343 365 344
344 365 366
344 366 345
345 366 367
345 367 346
346 367 368
346 368 347
347 368 369
347 369 348
348 369 370
348 370 349
349 370 371
349 371 350
350 371 372
350 372 351
351 372 373
351 373 352
352 373 374
352 374 353
353 374 375
353 375 354
354 375 376
354 376 355
355 376 377
355 377 356
356 377 378
356 378 357
358 379 359
359 379 380
359 380 360
360 380 381
360 381 361
361 381 382
361 382 362
362 382 383
362 383 363
363 383 384
363 384 364
364 384 385
364 385 365
365 385 386
365 386 366
366 386 387
366 387 367
367 387 388
367 388 368
368 388 389
368 389 369
369 389 390
369 390 370
370 390 391
370 391 371
371 391 392
371 392 372
372 392 393
372 393 373
373 393 394
373 394 374
374 394 395
374 395 375
375 395 396
375 396 376
376 396 397
376 397 377
377 397 398
377 398 378
378 398 399
379 400 401
379 401 380
380 401 402
380 402 381
381 402 403
381 403 382
382 403 404
382 404 383
383 404 405
383 405 384
384 405 406
384 406 385
385 406 407
385 407 386
386 407 408
386 408 387
387 408 409
387 409 388
388 409 410
388 410 389
389 410 411
389 411 390
390 411 412
390 412 391
391 412 413
391 413 392
392 413 414
392 414 393
393 414 415
393 415 394
394 415 416
394 416 395
395 416 417
395 417 396
396 417 418
396 418 397
397 418 419
397 419 398
398 419 420
398 420 399
400 421 401
401 421 422
401 422 402
402 422 423
402 423 403
403 423 424
403 424 404
404 424 425
404 425 405
405 425 426
405 426 406
406 426 427
406 427 407
407 427 428
407 428 408
408 428 429
408 429 409
409 429 430
409 430 410
410 430 431
410 431 411
411 431 432
411 432 412
412 432 433
412 433 413
413 433 434
413 434 414
414 434 435
414 435 415
415 435 436
415 436 416
416 436 437
416 437 417
417 437 438
417 438 418
418 438 439
418 439 419
419 439 440
419 440 420
420 440 441
421 442 443
421 443 422
422 443 444
422 444 423
423 444 445
423 445 424
424 445 446
424 446 425
425 446 447
425 447 426
426 447 448
426 448 427
427 448 449
427 449 428
428 449 450
428 450 429
429 450 451
429 451 430
430 451 452
430 452 431
431 452 453
431 453 432
432 453 454
432 454 433
433 454 455
433 455 434
434 455 456
434 456 435
435 456 457
435 457 436
436 457 458
436 458 437
437 458 459
437 459 438
438 459 460
438 460 439
439 460 461
439 461 440
440 461 462
440 462 441
442 463 443
443 463 464
443 464 444
444 464 465
444 465 445
445 465 466
445 466 446
446 466 467
446 467 447
447 467 468
447 468 448
448 468 469
448 469 449
449 469 470
449 470 450
450 470 471
450 471 451
451 471 472
451 472 452
452 472 473
452 473 453
453 473 474
453 474 454
454 474 475
454 475 455
455 475 476
455 476 456
456 476 477
456 477 457
457 477 478
457 478 458
458 478 479
458 479 459
459 479 480
459 480 460
460 480 481
460 481 461
461 481 482
461 482 462
462 482 483
463 484 485
463 485 464
464 485 486
464 486 465
465 486 487
465 487 466
466 487 488
466 488 467
467 488 489
467 489 468
468 489 490
468 490 469
469 490 491
469 491 470
470 491 492
470 492 471
471 492 493
471 493 472
472 493 494
472 494 473
473 494 495
473 495 474
474 495 496
474 496 475
475 496 497
475 497 476
476 497 498
476 498 477
477 498 499
477 499 478
478 499 500
478 500 479
479 500 501
479 501 480
480 501 502
480 502 481
481 502 503
481 503 482
482 503 504
482 504 483
484 505 485
485 505 506
485 506 486
486 506 507
486 507 487
487 507 508
487 508 488
488 508 509
488 509 489
489 509 510
489 510 490
490 510 511
490 511 491
491 511 512
491 512 492
492 512 513
492 513 493
493 513 514
493 514 494
494 514 515
494 515 495
495 515 516
495 516 496
496 516 517
496 517 497
497 517 518
497 518 498
498 518 519
498 519 499
499 519 520
499 520 500
500 520 521
500 521 501
501 521 522
501 522 502
502 522 523
502 523 503
503 523 524
503 524 504
504 524 525
505 526 527
505 527 506
506 527 528
506 528 507
507 528 529
507 529 508
508 529 530
508 530 509
509 530 531
509 531 510
510 531 532
510 532 511
511 532 533
511 533 512
512 533 534
512 534 513
513 534 535
513 535 514
514 535 536
514 536 515
515 536 537
515 537 516
516 537 538
516 538 517
517 538 539
517 539 518
518 539 540
518 540 519
519 540 541
519 541 520
520 541 542
520 542 521
521 542 543
521 543 522
522 543 544
522 544 523
523 544 545
523 545 524
524 545 546
524 546 525
526 547 527
527 547 548
527 548 528
528 548 549
528 549 529
529 549 550
529 550 530
530 550 551
530 551 531
531 551 552
531 552 532
532 552 553
532 553 533
533 553 554
533 554 534
534 554 555
534 555 535
535 555 556
535 556 536
536 556 557
536 557 537
537 557 558
537 558 538
538 558 559
538 559 539
539 559 560
539 560 540
540 560 561
540 561 541
541 561 562
541 562 542
542 562 563
542 563 543
543 563 564
543 564 544
544 564 565
544 565 545
545 565 566
545 566 546
546 566 567
547 568 569
547 569 548
548 569 570
548 570 549
549 570 571
549 571 550
550 571 572
550 572 551
551 572 573
551 573 552
552 573 574
552 574 553
553 574 575
553 575 554
554 575 576
554 576 555
555 576 577
555 577 556
556 577 578
556 578 557
557 578 579
557 579 558
558 579 580
558 580 559
559 580 581
559 581 560
560 581 582
560 582 561
561 582 583
561 583 562
562 583 584
562 584 563
563 584 585
563 585 564
564 585 586
564 586 565
565 586 587
565 587 566
566 587 588
566 588 567
568 589 569
569 589 590
569 590 570
570 590 591
570 591 571
571 591 592
571 592 572
572 592 593
572 593 573
573 593 594
573 594 574
574 594 595
574 595 575
575 595 596
575 596 576
576 596 597
576 597 577
577 597 598
577 598 578
578 598 599
578 599 579
579 599 600
579 600 580
580 600 601
580 601 581
581 601 602
581 602 582
582 602 603
582 603 583
583 603 604
583 604 584
584 604 605
584 605 585
585 605 606
585 606 586
586 606 607
586 607 587
587 607 608
587 608 588
588 608 609
589 610 611
589 611 590
590 611 612
590 612 591
591 612 613
591 613 592
592 613 614
592 614 593
593 614 615
593 615 594
594 615 616
594 616 595
595 616 617
595 617 596
596 617 618
596 618 597
597 618 619
597 619 598
598 619 620
598 620 599
599 620 621
599 621 600
600 621 622
600 622 601
601 622 623
601 623 602
602 623 624
602 624 603
603 624 625
603 625 604
604 625 626
604 626 605
605 626 627
605 627 606
606 627 628
606 628 607
607 628 629
607 629 608
608 629 630
608 630 609
610 631 611
611 631 632
611 632 612
612 632 633
612 633 613
613 633 634
613 634 614
614 634 635
614 635 615
615 635 636
615 636 616
616 636 637
616 637 617
617 637 638
617 638 618
618 638 639
618 639 619
619 639 640
619 640 620
620 640 641
620 641 621
621 641 642
621 642 622
622 642 643
622 643 623
623 643 644
623 644 624
624 644 645
624 645 625
625 645 646
625 646 626
626 646 647
626 647 627
627 647 648
627 648 628
628 648 649
628 649 629
629 649 650
629 650 630
630 650 651
631 652 653
631 653 632
632 653 654
632 654 633
633 654 655
633 655 634
634 655 656
634 656 635
635 656 657
635 657 636
636 657 658
636 658 637
637 658 659
637 659 638
638 659 660
638 660 639
639 660 661
639 661 640
640 661 662
640 662 641
641 662 663
641 663 642
642 663 664
642 664 643
643 664 665
643 665 644
644 665 666
644 666 645
645 666 667
645 667 646
646 667 668
646 668 647
647 668 669
647 669 648
648 669 670
648 670 649
649 670 671
649 671 650
650 671 672
650 672 651
652 673 653
653 673 674
653 674 654
654 674 675
654 675 655
655 675 676
655 676 656
656 676 677
656 677 657
657 677 678
657 678 658
658 678 679
658 679 659
659 679 680
659 680 660
660 680 681
660 681 661
661 681 682
661 682 662
662 682 683
662 683 663
663 683 684
663 684 664
664 684 685
664 685 665
665 685 686
665 686 666
666 686 687
666 687 667
667 687 688
667 688 668
668 688 689
668 689 669
669 689 690
669 690 670
670 690 691
670 691 671
671 691 692
671 692 672
672 692 693
673 694 695
673 695 674
674 695 696
674 696 675
675 696 697
675 697 676
676 697 698
676 698 677
677 698 699
677 699 678
678 699 700
678 700 679
679 700 701
679 701 680
680 701 702
680 702 681
681 702 703
681 703 682
682 703 704
682 704 683
683 704 705
683 705 684
684 705 706
684 706 685
685 706 707
685 707 686
686 707 708
686 708 687
687 708 709
687 709 688
688 709 710
688 710 689
689 710 711
689 711 690
690 711 712
690 712 691
691 712 713
691 713 692
692 713 714
692 714 693
694 715 695
695 715 716
695 716 696
696 716 717
696 717 697
697 717 718
697 718 698
698 718 719
698 719 699
699 719 720
699 720 700
700 720 721
700 721 701
701 721 722
701 722 702
702 722 723
702 723 703
703 723 724
703 724 704
704 724 725
704 725 705
705 725 726
705 726 706
706 726 727
706 727 707
707 727 728
707 728 708
708 728 729
708 729 709
709 729 730
709 730 710
710 730 731
710 731 711
711 731 732
711 732 712
712 732 733
712 733 713
713 733 734
713 734 714
714 734 735
715 736 737
715 737 716
716 737 738
716 738 717
717 738 739
717 739 718
718 739 740
718 740 719
719 740 741
719 741 720
720 741 742
720 742 721
721 742 743
721 743 722
722 743 744
722 744 723
723 744 745
723 745 724
724 745 746
724 746 725
725 746 747
725 747 726
726 747 748
726 748 727
727 748 749
727 749 728
728 749 750
728 750 729
729 750 751
729 751 730
730 751 752
730 752 731
731 752 753
731 753 732
732 753 754
732 754 733
733 754 755
733 755 734
734 755 756
734 756 735
736 757 737
737 757 758
737 758 738
738 758 759
738 759 739
739 759 760
739 760 740
740 760 761
740 761 741
741 761 762
741 762 742
742 762 763
742 763 743
743 763 764
743 764 744
744 764 765
744 765 745
745 765 766
745 766 746
746 766 767
746 767 747
747 767 768
747 768 748
748 768 769
748 769 749
749 769 770
749 770 750
750 770 771
750 771 751
751 771 772
751 772 752
752 772 773
752 773 753
753 773 774
753 774 754
754 774 775
754 775 755
755 775 776
755 776 756
756 776 777
757 778 779
757 779 758
758 779 780
758 780 759
759 780 781
759 781 760
760 781 782
760 782 761
761 782 783
761 783 762
762 783 784
762 784 763
763 784 785
763 785 764
764 785 786
764 786 765
765 786 787
765 787 766
766 787 788
766 788 767
767 788 789
767 789 768
768 789 790
768 790 769
769 790 791
769 791 770
770 791 792
770 792 771
771 792 793
771 793 772
772 793 794
772 794 773
773 794 795
773 795 774
774 795 796
774 796 775
775 796 797
775 797 776
776 797 798
776 798 777
778 799 779
779 799 800
779 800 780
780 800 801
780 801 781
781 801 802
781 802 782
782 802 803
782 803 783
783 803 804
783 804 784
784 804 805
784 805 785
785 805 806
785 806 786
786 806 807
786 807 787
787 807 808
787 808 788
788 808 809
788 809 789
789 809 810
789 810 790
790 810 811
790 811 791
791 811 812
791 812 792
792 812 813
792 813 793
793 813 814
793 814 794
794 814 815
794 815 795
795 815 816
795 816 796
796 816 817
796 817 797
797 817 818
797 818 798
798 818 819
799 820 821
799 821 800
800 821 822
800 822 801
801 822 823
801 823 802
802 823 824
802 824 803
803 824 825
803 825 804
804 825 826
804 826 805
805 826 827
805 827 806
806 827 828
806 828 807
807 828 829
807 829 808
808 829 830
808 830 809
809 830 831
809 831 810
810 831 832
810 832 811
811 832 833
811 833 812
812 833 834
812 834 813
813 834 835
813 835 814
814 835 836
814 836 815
815 836 837
815 837 816
816 837 838
816 838 817
817 838 839
817 839 818
818 839 840
818 840 819
820 841 821
821 841 842
821 842 822
822 842 843
822 843 823
823 843 844
823 844 824
824 844 845
824 845 825
825 845 846
825 846 826
826 846 847
826 847 827
827 847 848
827 848 828
828 848 849
828 849 829
829 849 850
829 850 830
830 850 851
830 851 831
831 851 852
831 852 832
832 852 853
832 853 833
833 853 854
833 854 834
834 854 855
834 855 835
835 855 856
835 856 836
836 856 857
836 857 837
837 857 858
837 858 838
838 858 859
838 859 839
839 859 860
839 860 840
840 860 861
