248
249
250
252
255
255
255
255
255
255
251
247
243
241
235
228
244
248
249
247
248
253
254
253
251
248
244
242
241
244
245
245
253
252
252
252
254
255
255
255
247
249
251
255
255
255
255
255
244
255
255
245
237
247
244
236
253
255
255
255
255
252
250
255
247
249
253
254
254
253
250
247
252
252
253
253
255
255
255
254
247
250
254
255
255
255
255
254
252
242
243
255
255
251
244
249
245
202
160
146
144
143
152
166
204
211
225
240
252
255
255
255
252
252
253
254
255
254
255
254
247
251
255
255
255
255
254
249
234
250
255
255
255
255
215
161
125
118
129
165
206
233
248
255
242
242
244
248
253
255
255
255
251
253
254
255
254
253
254
254
248
253
255
255
255
255
251
245
245
239
253
255
236
161
112
108
112
163
224
255
255
255
255
255
255
255
255
255
255
255
255
255
252
253
255
253
251
251
252
254
250
254
255
255
255
255
248
243
241
253
251
193
126
102
118
137
206
238
255
255
249
255
255
254
243
244
245
247
250
253
254
254
252
254
253
250
247
247
251
255
252
255
255
255
255
255
248
244
248
213
167
133
104
105
169
245
252
252
249
242
245
251
250
243
243
243
245
245
246
245
244
245
253
254
251
247
242
243
249
255
255
255
255
255
255
253
248
249
234
175
110
94
123
174
226
255
244
244
247
250
248
244
246
247
245
244
243
243
245
247
249
250
254
253
251
244
240
241
249
255
255
255
255
246
255
242
247
251
160
109
126
102
148
248
241
246
252
253
253
253
253
253
252
252
244
250
251
249
249
255
255
249
249
243
236
232
240
252
255
252
255
255
253
252
249
247
248
199
112
99
125
136
224
251
244
231
255
255
255
255
255
255
255
255
255
255
255
255
255
255
255
255
255
239
224
231
246
253
255
255
255
254
248
252
242
254
231
136
102
118
116
180
255
248
239
229
255
255
255
255
255
255
255
255
255
255
255
255
255
255
255
255
245
222
215
235
255
255
254
255
255
251
247
250
245
255
186
106
123
136
125
230
252
248
226
236
255
255
255
255
255
255
255
255
254
255
255
255
255
254
255
255
208
210
223
246
255
255
254
253
255
247
251
249
250
242
134
115
126
118
163
255
247
249
235
249
252
252
254
255
255
255
255
255
250
254
253
251
253
254
236
213
191
219
244
254
255
255
255
251
255
245
250
248
251
206
111
134
135
108
209
253
247
247
255
255
251
251
252
254
255
255
255
255
253
250
245
246
249
237
199
164
211
241
254
254
248
254
255
255
253
247
246
252
243
162
123
139
140
134
227
235
242
246
255
255
253
253
255
255
255
255
255
255
254
247
242
243
225
194
178
181
241
253
254
254
250
252
254
255
252
249
240
253
234
131
145
134
121
159
221
241
244
255
255
255
255
255
255
255
255
255
255
255
255
246
249
241
197
152
175
233
253
252
250
254
255
254
252
252
251
240
255
255
231
124
136
133
128
157
252
255
252
250
255
255
255
255
255
253
250
248
255
255
255
255
240
178
152
183
223
238
255
248
255
255
248
249
255
254
250
245
255
255
223
129
143
143
144
163
255
254
250
248
250
254
255
252
247
245
251
255
255
255
255
232
191
166
181
217
241
245
255
249
255
255
249
252
255
249
246
252
255
255
211
134
148
154
160
168
255
248
251
245
242
244
251
254
254
248
247
250
248
240
211
178
158
181
226
252
253
250
253
253
255
255
251
255
255
243
245
251
253
255
200
135
147
156
160
164
255
249
254
248
243
247
247
253
255
253
250
244
221
197
149
154
181
227
255
255
255
252
250
255
255
253
253
255
253
237
248
251
251
255
198
133
142
151
147
154
255
253
255
255
251
255
253
253
249
247
243
225
185
148
144
182
230
255
255
255
254
252
249
254
255
251
255
255
247
236
250
251
249
255
211
135
144
145
140
145
226
254
255
255
255
255
255
255
255
238
202
168
151
148
202
232
255
255
255
255
255
253
250
254
254
252
255
250
239
240
252
241
248
255
235
146
154
149
149
146
187
251
255
255
255
255
255
253
238
205
163
144
168
205
249
255
255
253
252
254
255
253
251
254
252
253
255
243
232
246
253
234
248
255
253
155
167
156
166
155
165
251
254
251
248
244
255
216
176
159
163
182
224
255
255
252
251
252
251
252
251
253
254
254
251
255
255
239
228
250
252
196
255
244
255
198
171
164
172
159
166
211
255
250
231
222
184
168
154
165
202
243
255
255
255
255
248
243
240
245
254
255
254
249
253
255
251
230
233
252
221
174
233
255
255
204
152
161
173
165
159
187
228
229
189
159
145
153
173
203
240
255
255
255
251
247
244
243
244
249
255
255
250
250
255
255
241
225
235
255
213
167
186
248
253
237
163
154
157
178
181
170
167
162
153
150
146
181
224
248
255
255
255
252
246
246
246
248
251
255
255
255
252
255
255
247
230
224
240
255
195
159
145
179
191
224
173
151
166
173
166
158
165
168
160
157
205
226
249
254
250
246
243
242
243
246
252
255
255
255
255
255
255
255
249
233
224
232
248
255
181
161
148
147
145
171
168
166
164
173
170
158
152
161
195
239
252
249
245
244
250
246
244
233
243
247
253
255
255
255
254
252
255
250
231
220
229
247
255
254
198
161
148
151
149
143
153
162
175
158
146
166
205
219
215
219
242
253
255
255
250
246
245
246
250
255
255
255
255
255
254
250
247
233
218
220
239
255
255
252
219
174
142
153
152
151
155
157
149
179
204
222
227
214
193
185
204
229
253
254
244
240
248
255
255
255
255
255
255
250
240
233
228
223
225
237
252
255
255
252
241
221
179
176
154
179
194
196
222
235
219
183
170
181
198
211
182
187
196
213
237
255
255
254
255
255
255
251
242
230
215
204
219
224
240
255
255
255
251
252
252
248
243
239
239
243
248
253
255
245
214
182
174
184
192
189
196
194
192
195
201
211
221
227
228
227
224
218
210
208
212
218
218
232
247
255
253
251
253
255
254
253
251
250
250
251
253
255
243
255
255
228
193
178
179
183
184
186
189
193
197
200
202
201
210
211
211
209
209
213
222
231
238
246
254
255
254
251
253
255
255
255
255
255
255
255
255
255
250
255
255
254
236
217
197
182
186
188
192
196
200
201
202
200
197
200
205
209
216
227
239
249
254
255
255
255
254
253
254
255
255
255
255
255
255
255
255
254
255
254
248
251
255
255
240
214
204
200
194
190
189
192
197
199
206
211
219
227
236
245
255
255
255
254
252
253
254
255
255
255
255
255
255
255
255
255
254
254
251
252
252
252
255
255
255
255
245
237
226
217
211
210
213
215
231
235
242
249
254
255
255
255
254
253
251
253
255
255
255
254
255
255
255
255
255
255
255
254
251
253
253
253
249
249
255
255
255
255
255
255
255
253
253
253
251
253
255
255
255
255
255
254
255
255
255
255
255
255
255
253
254
255
255
255
255
255
255
255
254
253
249
250
253
254
250
247
251
253
255
255
255
255
255
255
255
255
255
255
255
255
253
251
255
255
255
255
255
255
255
255
253
254
255
255
255
255
255
255
254
251
252
253
253
253
254
254
255
255
255
255
255
255
255
255
255
255
254
253
254
254
254
254
253
254
253
252
251
252
255
255
