0
0
0
0
0
0
0.011655754057981582
0
0
0
0.016557452586610871
0
0
0
0.017336369055308554
0
0
0
0.012694551084951877
0
0
0
0.0016631012597433936
0
0
0
-0.016334126769963542
0
0
0
-0.041437436183056453
0
0
0
-0.073331138296824194
0
0
0
-0.11124752254146553
0
0
0
-0.15399489515214343
0
0
0
-0.20000841214598697
0
0
0
-0.2474212697948335
0
0
0
-0.29415277434734838
0
0
0
-0.3380089444455433
0
0
0
-0.37679064859447803
0
0
0
-0.4084038787910752
0
0
0
-0.43096663076496855
0
0
0
-0.44290700776275893
0
0
0
-0.44304758165051
0
0
0
-0.43067171139378391
0
0
0
-0.40556840198356636
0
0
0
-0.36805334209332896
0
0
0
-0.3189649341359182
0
0
0
-0.25963536655684905
0
0
0
-0.1918380140590509
0
0
0
-0.11771362473999654
0
0
0
0
0
0
1.3055158588183879
0
-1.5569876179251847
1.0795243433635602
0.023732254160609367
-1.4896533077146112
0.79597068273749916
0.027569575851833839
-1.351678063245195
0.4676300878285008
0.022316031246984003
-1.1513997560916334
0.10958486228088549
0.0058170161591262204
-0.90021153319267389
-0.261514506921665
-0.023390832745636359
-0.61197353538155452
-0.62826788343674811
-0.065977452021339644
-0.30230199004571301
-0.97338280154798129
-0.12175891492118396
0.012228474240293746
-1.280527773592713
-0.18968211247994138
0.31492910794029622
-1.5351389701493621
-0.26785562888385872
0.58984541442487404
-1.725139976668433
-0.35362553878786185
0.82256693146800353
-1.841538667439969
-0.44369256523858097
1.0009576918875576
-1.8788713763658602
-0.53426492373446566
1.1157706360732309
-1.8354721766991728
-0.62123934642757306
1.1611150935120296
-1.713553825830999
-0.70040132388909848
1.1347538440634179
-1.5190963488893949
-0.76763459271580126
1.0382148420137078
-1.2615488537587702
-0.81912938766489152
0.87671200634606306
-0.95335950871066255
-0.85157899241070567
0.65887908173764376
-0.60935720372953595
-0.86235466378601688
0.3963299746325909
-0.24601582792633853
-0.84965004344839479
0.10306769557403694
0.11936204363177644
-0.81258765717829828
-0.20522834479812269
0.46950124299004559
-0.75128196127781077
-0.51200081568829603
0.78800709923813284
-0.66685553514615792
-0.80065852882428978
1.0601729132484952
-0.56140733227666673
-1.0554235854444345
1.2737015109706502
-0.43793427302891191
-1.2621389369946348
1.4193048935760073
-0.30020977331643828
-1.4089956589025672
0
0
0
0
0
0
-1.2191172763934643
0.6932323358813629
0.019098031140166671
-1.28405387715787
0.42873468377568202
0.024440218056119845
-1.2900440553892267
0.13601759578256056
0.019170459697073428
-1.2391372195946073
-0.17254133523758075
-3.5885728231765945e-05
-1.1361378535068272
-0.48365669152375207
-0.035641449426160321
-0.98833628150833464
-0.78377391373416894
-0.089080284992306469
-0.80511637182543416
-1.0597232527307687
-0.16064547236507853
-0.59746018513772725
-1.2993565214672085
-0.24943703777769
-0.37737471941552575
-1.4921350148377872
-0.35337327149676889
-0.15726978030298955
-1.6296393838475134
-0.46926530084931833
0.050681574708104193
-1.7059761305380983
-0.59295155418356504
0.23516773102453981
-1.7180605375557634
-0.71948569302939347
0.38631684620262552
-1.665762003522909
-0.84336884968208137
0.49619967395473918
-1.5519046140086006
-0.95881472337471119
0.55923157111382293
-1.382122994599116
-1.0600343759431712
0.57245347384745371
-1.1645807061273887
-1.1415265133412329
0.53567774200182472
-0.90956529108964423
-1.1983586971602858
0.45149159020955831
-0.62898022193576486
-1.2264253176382631
0.32511800891677689
-0.33575912888342135
-1.2226692586045318
0.16414126682298635
-0.043231540523183905
-1.1852559404572416
-0.021889082429857432
0.23552823805098444
-1.1136907530916129
-0.22195563526463113
0.48833667687810273
-1.0088736702505252
-0.42414683776020945
0.70448938544945772
-0.87308793186518352
-0.61627791500649909
0.87527307046026237
-0.70992293661201344
-0.78652759705565467
0.99437572723061773
-0.52413474110644021
-0.92405838974214161
1.0581748322750832
-0.32145065176852511
0
0
0
0
0
0.16905782481073839
0
-0.7840156650647383
-0.07173643705067001
0.0082740132173562131
-0.92990998046814266
-0.31636900421453495
-0.0002028478745291773
-1.0381221758201924
-0.55573411780165038
-0.022936474074854551
-1.1063289012950812
-0.7808568925424253
-0.063262277550970136
-1.13406130870994
-0.98330527763975517
-0.12339782985268433
-1.1226914469744862
-1.1555769522779884
-0.20427834723663829
-1.0753287196544314
-1.2914422070333322
-0.30546011310181331
-0.99663203370963838
-1.3862260365178016
-0.42509730519514544
-0.89254746051530898
-1.4370156790663529
-0.55999396071144059
-0.76998492526446105
-1.4427835344883393
-0.70572898400273698
-0.63645045304633396
-1.4044195873575103
-0.85684837186880558
-0.49965267971902066
-1.3246719501921094
-1.007115387980607
-0.36710357397502036
-1.2079986945810774
-1.1498064347171923
-0.24573355207956293
-1.0603385301972701
-1.2780379984063239
-0.14154038827257875
-0.88881190363964158
-1.385108401755017
-0.059289570809611059
-0.70136751906932282
-1.464837269623716
-0.0022811150818542458
-0.50639196079046012
-1.5118856428823411
0.027805545795479336
-0.31230188966532796
-1.5220405602069405
0.030980945590012077
-0.12713910222943714
-1.4924496257128181
0.0089259518146760364
0.041811457123755169
-1.4217935068436467
-0.035115660209995347
0.18836184390821537
-1.3103873424640882
-0.096526748504033977
0.3077026810130854
-1.1602055325573222
-0.16957861808531599
0.3966123881583774
-0.9748281562354848
-0.24775159801687777
0.45358398321752724
-0.75931113350294788
-0.32409788764430691
0.47886353401415438
-0.51998601666851441
-0.39162802567077626
0
0
0
0
0
0
-0.046631738850790194
-0.67491288366336677
-0.014300414574618947
-0.30394407108868959
-0.87182458710403332
-0.032522182316608417
-0.55499986567622817
-1.0360190009501804
-0.063193250299896309
-0.79106943264320984
-1.1630443552868512
-0.11015916169757167
-1.004013036032201
-1.2501268091431821
-0.17620360192965445
-1.1866425525403328
-1.2962643239097069
-0.26284419024408145
-1.3330380282754373
-1.302234597471557
-0.37019564792656712
-1.4388038121499611
-1.2705171932492059
-0.49690796809108773
-1.501251934148272
-1.2051342577190214
-0.64018339287236181
-1.5195039991168131
-1.111418253191107
-0.79587198425633576
-1.4945069002053
-0.99571873698473345
-0.95864155886211322
-1.428961920334618
-0.86506321533135766
-1.122213945183028
-1.3271710713629932
-0.72678933909419152
-1.2796561077734383
-1.1948086051117526
-0.58816707845077043
-1.4237118380612133
-1.0386293141786274
-0.45602994654903983
-1.5471575802041593
-0.86612833972319381
-0.33643381732496441
-1.6431646503396615
-0.68516956345518354
-0.234360427196422
-1.7056496860764558
-0.50360116467000804
-0.15348033818425211
-1.7295956521621834
-0.32887749552021694
-0.095987087766908369
-1.7113271051808407
-0.16770604146406742
-0.062510613157531258
-1.6487256162938595
-0.025736908784832591
-0.052113996524291578
-1.5413741586232144
0.09268991523557879
-0.062373338313488569
-1.3906227390087793
0.18472724066950519
-0.089536339602251352
-1.1995714209803814
0.24912457096200252
-0.12875117594070745
-0.97297095211354445
0.2862484957851047
-0.17435367381898828
-0.71704527380685068
0.29801909012365474
-0.2201978377021411
-0.43924404959083707
0
0
0
0
0
-1.3294366885876321
0
0.51145229948014992
-1.4899157299321297
-0.068643628742559692
0.15687563114372471
-1.5860156551463787
-0.11448838133115558
-0.21807111261393664
-1.6173249808201233
-0.17328942473811138
-0.59891017898723686
-1.5864957451860398
-0.24796332707934354
-0.9706567361866606
-1.4990574295051913
-0.3403218397071166
-1.3185185643612636
-1.3630895910232679
-0.45091117582373963
-1.6285893995580034
-1.1887702530477691
-0.57891951155555199
-1.8885017722784019
-0.98782328201222702
-0.72215816661269505
-2.0880071639231068
-0.77289299387612442
-0.8771181567255828
-2.2194548927068265
-0.55687782128054431
-1.0390999510990164
-2.2781461560184204
-0.35225686033395526
-1.2024105093098552
-2.2625458482608964
-0.17044340220468604
-1.3606182029737655
-2.1743418320494694
-0.021198126657131819
-1.5068532235611041
-2.0183489133387051
0.087868435256204636
-1.6341386905664663
-1.8022624787032637
0.15167911896638647
-1.7357360251193104
-1.536274210491642
0.16793978839102622
-1.8054873267853475
-1.2325691293539505
0.13724298509906185
-1.8381375291305164
-0.90472908288724374
0.063020510353150538
-1.8296200115317114
-0.56707240943847692
-0.048652459421614835
-1.7772910677231062
-0.23396262880470398
-0.18939160213803347
-1.6801010894443795
0.080879510636846064
-0.34895889258140511
-1.538693395876698
0.36502653743794011
-0.51581597986811467
-1.3554251719915706
0.60792516819614895
-0.67774724809720199
-1.1343087971388761
0.80137902595613952
-0.8225207580530659
-0.88087575703330945
0.93990954505823554
-0.93855331889400295
-0.60196914454642636
1.0209775949234914
0
0
0
0
0
0
1.4072831979826677
-2.1127682161463248
-0.095663064740763415
1.0048734033234801
-2.1580337283659854
-0.16533292178861048
0.54088773103370924
-2.1087239501438315
-0.24338570833980411
0.033799252941496716
-1.9720101457954269
-0.33228260281535404
-0.49555664121960447
-1.7592157941386168
-0.43365116672372161
-1.0249692683566314
-1.4851925933133017
-0.54812720673013504
-1.5319118929889335
-1.1675231523506604
-0.67525097479232388
-1.9946207551816206
-0.82559101108291788
-0.8134238157699506
-2.3931404142359383
-0.47956522908858806
-0.95992827143622006
-2.7102835685061812
-0.14935100694439879
-1.1110113880823556
-2.9324577354171435
0.14644056200539377
-1.2620277163213076
-3.0503177806782524
0.39145154438242252
-1.4076354007084728
-3.0592119415442616
0.5724166085457848
-1.5420359899061862
-2.9593992626343399
0.67984052094617331
-1.6592462950896925
-2.7560277401247943
0.7084795697293037
-1.7533889021277982
-2.4588743817843719
0.65760270838196211
-1.8189868896749322
-2.0818602398778792
0.53101934725602906
-1.8512479747597221
-1.6423646687757834
0.33687251078372527
-1.8463237180190286
-1.1603730381841657
0.087207931497476354
-1.8015305533065598
-0.65750039810773364
-0.20265902796494994
-1.7155212054868056
-0.15593972828989222
-0.51494651411267833
-1.5883974374219587
0.32261289253812814
-0.83033866832850955
-1.4217579042596924
0.75800277922087611
-1.1290001867474966
-1.2186780493997325
1.1325789656119596
-1.3916215018953737
-0.98362229501596099
1.4320267154466237
-1.6004415404652881
-0.72229209514301951
1.6460291342532507
-1.7401960865360147
-0.44141656616282299
0
0
0
0
0
-2.6735261938838084
0
1.8708422029232241
-2.6908597378710617
-0.20160326810551327
1.3804142854249544
-2.5849486487136346
-0.30694207203213619
0.80657194173762692
-2.3660998861973894
-0.41722789114711178
0.17319057112698527
-2.0500737851763859
-0.53331044343552581
-0.49262877184923759
-1.6572335755687599
-0.65541277652612151
-1.1618597435044153
-1.211467489072912
-0.78304407754175209
-1.8049513758325086
-0.73893821706632801
-0.91495345996056709
-2.3932594942289471
-0.26672308955775259
-1.0491279356172341
-2.9004377446237273
0.17858623511848576
-1.1828354878384826
-3.3037190479195866
0.57225381748821968
-1.3127118134695968
-3.5850237230380477
0.89267006047679165
-1.4348870162545002
-3.7318391340994133
1.1224588143822398
-1.5451464267572295
-3.7378270913824272
1.2493651528192256
-1.6391179027201355
-3.6031288003941944
1.2668790956972686
-1.7124765200150318
-3.334352229539264
1.1745638874883961
-1.7611565731845984
-2.9442425996326156
0.97807234622847594
-1.7815603161032001
-2.4510524951528394
0.68885053344047931
-1.770752914507971
-1.8776430666196289
0.3235437659313376
-1.7266336516261593
-1.2503611866600177
-0.096864993423952994
-1.6480744996895613
-0.59774856797286602
-0.54814082240683137
-1.5350186908162267
0.0508528068388443
-1.004051741438478
-1.3885338162515464
0.66672947498489377
-1.4377294059358043
-1.2108161594439231
1.2231883918753972
-1.8230667885224996
-1.0051453178276841
1.6968427454355282
-2.1360821317031142
-0.77579057465947732
2.0687278726509799
-2.3561800870865937
-0.52787282503593391
2.3251920359191818
0
0
0
0
0
0
2.6290379204163576
-3.1191547229794816
-0.20970064328151811
2.1774207004952681
-2.9844201969433808
-0.34910253823171422
1.604897193038032
-2.7142754542981535
-0.48777847486192688
0.93516420188074534
-2.3271814740596097
-0.6251902964373065
0.19700345048854193
-1.8472226622305425
-0.76057154195777099
-0.57710127243682163
-1.3028403821066243
-0.89288886758856334
-1.3525360098863566
-0.72535177715709076
-1.0208214873996178
-2.0942394711616656
-0.14732885062300488
-1.1427605744664127
-2.7684130844448962
0.39908028285869468
-1.2568294928151391
-3.3441731226254445
0.88380322241640819
-1.3609246057201778
-3.7950625945692078
1.2803848533589175
-1.4527752843687778
-4.1003475513919119
1.5673409429944045
-1.530020679550729
-4.2460331873683579
1.7292555452452165
-1.590299873247073
-4.2255490804092979
1.7575669327760739
-1.6313512445051277
-4.0400694191420241
1.6510024843672528
-1.6511163061526899
-3.6984522751928277
1.4156406504674059
-1.6478429259473615
-3.2168009891115443
1.0645969129781108
-1.6201827561958519
-2.6176695938560597
0.61734960271464545
-1.5672778659490976
-1.9289519568480342
0.098739588718237292
-1.4888319925169977
-1.1825100909338644
-0.46230570443918267
-1.3851624843937671
-0.41261007665787719
-1.0342595862175203
-1.2572298645847686
0.34575639764137511
-1.5846196557375305
-1.1066429600073822
1.0585812131033605
-2.0815856748285348
-0.93563866957089858
1.6944945813067083
-2.4957070184959553
-0.74703662533688553
2.2262830480891389
-2.8014164280560934
-0.54417017981252358
2.6321953127781246
-2.9783724417315858
-0.33079626988548516
0
0
0
0
0
-3.3839419179345964
0
2.8100092769868232
-3.2462737916492999
-0.35693262711951379
2.3048629036219856
-2.9571217984093634
-0.52896943932774987
1.6703728438755479
-2.5358248399372667
-0.69342710354269876
0.93361068413748671
-2.008145180294052
-0.84800203515494643
0.12700916803802642
-1.4049183094499353
-0.99057322252272051
-0.71320738096436986
-0.76045169954061276
-1.1192377824991733
-1.5487864037166874
-0.11075343866012552
-1.2323404045690585
-2.3413164626331673
0.50831979206104916
-1.3284960366621277
-3.0541094881670077
1.0629019461352058
-1.4066054336454548
-3.6540020823620818
1.522851299227858
-1.4658634667393946
-4.1129860374183389
1.8632912155946002
-1.5057603658311058
-4.4095867161350695
2.0658803641782781
-1.526076324468983
-4.529920504232507
2.1197484037059589
-1.526870127423523
-4.4683785532175442
2.0220500167019937
-1.5084626526150875
-4.2279026844550316
1.7781093983537208
-1.471416245174306
-3.819839686714614
1.4011479321252378
-1.4165110549007498
-3.2633812905290531
0.9116087748421805
-1.344719466633717
-2.584617788854974
0.33611237579020176
-1.2571797352746483
-1.8152525585368973
-0.29390445180487862
-1.155169865949625
-0.99104165514180997
-0.94379733656467968
-1.0400826596874038
-0.15003635753747011
-1.5774899518372072
-0.91340268390413937
0.66928365813464308
-2.159326896777773
-0.77668573377011918
1.4298934230616829
-2.655910392793702
-0.6315411365189938
2.0980282160859627
-3.0378280823127133
-0.47961702750119961
2.6448216441259329
-3.2811846230572863
-0.32258850646433457
3.0476948149196246
0
0
0
0
0
0
3.176343920735095
-3.320690392699964
-0.322481897577656
2.7923902373408644
-3.040560540818932
-0.52916200058050311
2.2579076405723493
-2.6206845165802184
-0.72369024834807216
1.5952142394317883
-2.0865144227357226
-0.90181133818445025
0.833245674496637
-1.4690182751945309
-1.0598426669619783
0.0061581709074892688
-0.80307454008945534
-1.1947929813781262
-0.84833324040456914
-0.12567395309576307
-1.3044503353051355
-1.6907986454194548
0.52598059161403821
-1.387435723875974
-2.4820274460327596
1.1163802343729361
-1.443220425330918
-3.1849563871971114
1.6135263287828019
-1.4721068323306037
-3.766495212583437
1.990565087682161
-1.4751743086011264
-4.1991588159368174
2.2271583497019858
-1.4541932759593694
-4.46242438644797
2.3105214261275409
-1.4115122395584272
-4.5437457601773827
2.2360757596013148
-1.3499237206908075
-4.4391742992074432
2.0076835220347173
-1.2725160248682461
-4.1535552686382387
1.6374523249660402
-1.1825183812697304
-3.7002898846662942
1.1451198554819217
-1.0831472189840321
-3.1006749026984499
0.55704939814306775
-0.97746118513750124
-2.3828527156174735
-0.095113202793244589
-0.86823196997925789
-1.5804243822376853
-0.776053530428646
-0.75783711192372016
-0.73079483011005442
-1.4485922582296129
-0.64817975800508187
0.12666716742979067
-2.0755876327392171
-0.54063891305870193
0.95256242143787817
-2.6218408976456651
-0.43605209798813366
1.7093917260940492
-3.0559085728705266
-0.33473063500512462
2.3633869967455796
-3.3517301189696669
-0.23650607326263939
2.8861519452659818
-3.4899887281734481
-0.14080464647229229
0
0
0
0
0
-3.1778503639268147
0
2.9810961758397663
-2.9256796957439657
-0.4828482864797275
2.5949173185140899
-2.5360272959602459
-0.7063339462156033
2.0673305407258868
-2.032393113656108
-0.90912770308622637
1.4209096458591488
-1.4438268087224513
-1.0856802030143546
0.68437804178565553
-0.80342335197849235
-1.2315146484231039
-0.10878515633022978
-0.14661846196297718
-1.3433962492406035
-0.921980476962175
0.49063008129733887
-1.4194431461057564
-1.7172834396948571
1.0736835235406628
-1.4591738884831846
-2.4573103748147873
1.5709928265338895
-1.4634896765376344
-3.1070616061989433
1.9557097471780229
-1.4345927841891066
-3.635649967302359
2.2070571534373546
-1.3758457115335141
-4.0178283087069353
2.3113895615326934
-1.2915785118040914
-4.2352396695264343
2.2628904796642613
-1.1868542569394298
-4.2773276228694463
2.0638714257650674
-1.0672046211630841
-4.1418612744627552
1.7246575327951745
-0.9383489740297638
-3.8350486434716693
1.2630654587757175
-0.80591111307138452
-3.3712327210552688
0.70349983594060206
-0.6751477959414689
-2.7721853550947739
0.075713694477299809
-0.55070255212967634
-2.0660342038592341
-0.58670478258677095
-0.43639690024605493
-1.2858763306902881
-1.2480430250531493
-0.33506913748296441
-0.46814765759820143
-1.8722862433738487
-0.24846840256506209
0.34917032544696808
-2.4249592327765299
-0.17720886666530766
1.1284170970971945
-2.8748950068611725
-0.12078582248325587
1.8340997690225302
-3.1958410721257882
-0.07765227510800532
2.4346278043547889
-3.3678222520724779
-0.045351548970606725
2.903849370534255
0
0
0
0
0
0
2.8259571164024195
-2.5964825938268903
-0.39246824582502599
2.6128998475914833
-2.254720976598243
-0.63883952955918277
2.2610959116571543
-1.8092001024247819
-0.86301681614881398
1.7849007373435632
-1.2854849571804492
-1.0575212717642262
1.2050457122647877
-0.71290398500797691
-1.216190923707186
0.54763820027316312
-0.12303986612814152
-1.3344444848609529
-0.15711025405372936
0.45189027611958915
-1.4094686350626393
-0.87636423012102305
0.98068356172548177
-1.44031990208549
-1.5762794520572274
1.434745844641266
-1.4279365263776675
-2.2236719375694811
1.789551677735532
-1.3750601602521266
-2.7876579281967366
2.0258962147858486
-1.2860717210058223
-3.241182670510089
2.1308759959729073
-1.1667499642615169
-3.5623616385289738
2.0985492127475731
-1.0239651572449091
-3.7355671367268304
1.9302421771721288
-0.86532342064750212
-3.7522059323631964
1.6344865209819273
-0.69877971357294066
-3.6111489989161178
1.226590226804662
-0.53223893866818606
-3.3187918360637232
0.72786401640842957
-0.37316516970393221
-2.8887422948893331
0.16454196362468582
-0.22821852599511772
-2.34115145490451
-0.43354940755519655
-0.10293776199476401
-1.7017209391069259
-1.0345066088432611
-0.0014842801831749242
-1.0004362209156064
-1.6059730149492732
0.073539870014058373
-0.27008916244136466
-2.1167893043634582
0.12119121638588504
0.45533645850541749
-2.538587402191026
0.14219672861807386
1.1423358515442381
-2.8472476021406292
0.13887817440311911
1.7595271784141442
-3.0241453661052047
0.11499325276884409
2.2791865976583372
-3.0571248119465473
0.075502004872276429
0
0
0
0
0
-2.0642293084228545
0
2.2887289802720239
-1.7745383593948396
-0.52708610179356818
2.1274851607106235
-1.4016389376056757
-0.76446559190188612
1.8524365830281704
-0.96672156766558104
-0.97182243928250212
1.4749355554473129
-0.49398266231834725
-1.1413659234536653
1.0115920469601929
-0.0093811847784564632
-1.2670641453078866
0.48346996329313019
0.46069138567547041
-1.3449154335421718
-0.084941795368600692
0.89076073496221031
-1.3731200642012169
-0.66693224259924333
1.257571032927342
-1.3521440465248153
-1.2348851763153135
1.5412723349756301
-1.2846721093378537
-1.7616442616506915
1.7264342580873442
-1.1754525428257243
-2.2218581230107302
1.8028348708657185
-1.0310419342075181
-2.5932382060421943
1.76598504893774
-0.85946281317943951
-2.8576665030926147
1.6173618541100028
-0.66979154500156035
-3.0020977208808661
1.3643391306229002
-0.47169725952343172
-3.019210731710912
1.0198187400521912
-0.27495501092346741
-2.9077766756255903
0.6015809138322874
-0.088957605391365213
-2.6727252428772785
0.13138633332112551
0.077749449276293348
-2.3249057543900751
-0.36612495735616513
0.21788662734250686
-1.8805549165831399
-0.86468246786428637
0.32579183105576059
-1.3604977913263947
-1.3377192137069671
0.39768714663777116
-0.78912185727145956
-1.7597236045854641
0.4318477499481046
-0.19317537707606758
-2.1075412318705968
0.42866475041380814
0.39954994196927501
-2.3615609948264309
0.390599119335028
0.96158623788026787
-2.5067257729956163
0.32202934552456308
1.4671385036710702
-2.5333166223092327
0.22900082149461909
1.8933480282390573
0
0
0
0
0
0
1.6486694055439493
-1.1206426590774823
-0.38517844363174014
1.6653692184460807
-0.82037708585402214
-0.62304733041848315
1.5947697118142667
-0.48347029661932994
-0.8335037773966254
1.4388132477150317
-0.12838681662725115
-1.0074589244414847
1.2037901065428911
0.22557366382763691
-1.1375876631450998
0.90004230711578281
0.5592628484161648
-1.2186783710919074
0.5414631614995864
0.85466160656622159
-1.247877725384144
0.14481743083527998
1.0957997071661569
-1.2248185271997605
-0.27108403920961799
1.2695711914422765
-1.1516243195308642
-0.68631400842275159
1.3664043157017189
-1.0327907400311325
-1.0808164095067334
1.3807523098449894
-0.87494971141323596
-1.4354024189817625
1.3113802072200202
-0.68652842438860318
-1.7327052054122063
1.1614332537034662
-0.47732031963219068
-1.9580455736955109
0.93828338414414181
-0.25798966254884526
-2.1001651638067225
0.65316141177438136
-0.039534608129699333
-2.1517904745335663
0.32059335089219976
0.16726429246320906
-2.1099994362050518
-0.042330855545043761
0.35238248940134498
-1.9763721276751189
-0.4168194981773502
0.5070497657547326
-1.7569180272613785
-0.78332885552840748
0.62418356928267049
-1.4617833640571394
-1.122552821858843
0.69873569641723754
-1.1047531349425961
-1.416402663507373
0.72793505070994713
-0.70257262253599251
-1.6489276278857241
0.71141443333738352
-0.2741222755960061
-1.8071300714045451
0.65121516084450159
0.16051285625538025
-1.8816340400886404
0.55166945203664364
0.58103267454989571
-1.8671735659339255
0.41916667345761627
0.96792117167504277
-1.7628759654863853
0.26181537262684229
0
0
0
0
0
-0.34375607059729513
0
0.92213595884107202
-0.10262208748717216
-0.45609863967515629
1.0320451139420181
0.14219464905793633
-0.65596800287527213
1.0883062864579105
0.37776728364287648
-0.82359971241385699
1.0874643041988294
0.5916590818710824
-0.95079358096594335
1.0289592135440668
0.77255490904004076
-1.0313663172412446
0.91516193055484718
0.91083603415329772
-1.0614591330621366
0.75126243053912189
0.99906934289729032
-1.0397289570811676
0.54501599373856568
1.0323863417718278
-0.96741369559714863
0.30636014977552406
1.0087328695864268
-0.84826829425234473
0.046921455594647665
0.92897692451123415
-0.68837483019034451
-0.22056322485858726
0.79686913913764457
-0.4958361778122814
-0.48288197364386121
0.61885783518592463
-0.28036862602830503
-0.72700779336582277
0.4037678924682036
-0.052813888343190382
-0.9407502411389328
0.16235950710358787
0.17540501463116043
-1.1133660663749114
-0.093211051336253806
0.39285671001904732
-1.2360982405369199
-0.35000164786461152
0.58867453255851165
-1.3026163456555264
-0.59493484885177694
0.75310095587224191
-1.3093362226576497
-0.81545620534516761
0.87797610096613576
-1.2556028231576293
-1.0001672121020024
0.95714583584460633
-1.1437270564295328
-1.1394011600282026
0.98676901588548249
-0.9788747336011383
-1.2257129525104635
0.96550847568459419
-0.76881311721246404
-1.2542582602308441
0.89459621559735991
-0.52352771498421669
-1.2230429287839419
0.77776953771050517
-0.25472845440236658
-1.1330300511074687
0.6210813598746312
0.024730086035165577
-0.98809924666996551
0.43259424815610514
0.30148541015055974
0
0
0
0
0
0
-0.013219861583723125
0.69159921421357429
-0.28648657047074333
0.2305328436531402
0.86337711486714874
-0.45963463476205679
0.46343460058309871
0.99284238646242384
-0.60698282791656877
0.67413499593941439
1.0738208777276883
-0.72009031962927472
0.85238384223320252
1.1025534378457544
-0.79228108945425646
0.98954120100495113
1.0778806250801802
-0.81899132048246459
1.0790068753406046
1.0012973081523817
-0.79801011789700516
1.1165478822634824
0.8768744669201054
-0.72960133249429715
1.1005075280446868
0.71105215435068014
-0.61650024260665193
1.0318856425671743
0.51231403803195885
-0.46378513615428729
0.91428598515998294
0.29075987285256477
-0.27863012231853923
0.75373349011259216
0.057597369529066814
-0.069951474108749689
0.55837054168222788
-0.17542103996749808
0.15203484081626309
0.33804752887659173
-0.39658828164215465
0.37632231203769811
0.10382822579293968
-0.59482996472984739
0.59166422920571482
-0.13256519163998803
-0.76025949846397112
0.78713763905781398
-0.35933966083211394
-0.88467316699691612
0.95269263747108424
-0.56522182271442967
-0.96196034589457591
1.0796594330004083
-0.74002208188049901
-0.98840830473638885
1.161187716414507
-0.8751438678547232
-0.96288633197171625
1.1925962461537278
-0.96401258223229702
-0.88689997500234719
1.1716150435681774
-1.00240274915451
-0.76451270656774084
1.0985079594554255
-0.98864699621149144
-0.60213898112580544
0.9760693559775242
-0.92371642310143787
-0.40821909828134773
0.80949494570888181
-0.81116836875671894
-0.19279222083965636
0.60613312661337004
-0.65696424062892045
0.033010994678865146
0.37512913284610694
0
0
0
0
0
1.4869563158327894
0
-0.70731789371503695
1.6138160226153806
-0.26917645456050066
-0.3534306563143258
1.6628185148764749
-0.38078966138232384
0.02179194759535874
1.6327940199157585
-0.46621051621891385
0.40080103776277287
1.5264807581381894
-0.51892911109127615
0.76579650463779503
1.350372135776762
-0.53419262714149229
1.0996044277176091
1.1143765203197273
-0.50927018629046783
1.3865240564110917
0.83130684284124312
-0.44361450622403664
1.613102060632752
0.51622579105650523
-0.33891194168379024
1.7687953911310175
0.18567958273263949
-0.19901811867041386
1.8464896586631592
-0.14314112142995139
-0.029782135128615828
1.8428471677658318
-0.45327097200763722
0.16123207710728282
1.7584672628105658
-0.72882664168949673
0.36511344139327728
1.5978510341950056
-0.95580745825406499
0.57204218477730517
1.3691722203541559
-1.1227997600835264
0.77177716578137301
1.0838658362073808
-1.2215496259216467
0.9541677086624013
0.75605517486792395
-1.2473752547767527
1.1096643000171227
0.40184591009976856
-1.1993983364453149
1.2298025178939704
0.038522667208337302
-1.0805828534816047
1.307635863344722
-0.3163117028790764
-0.89757943479992186
1.3380956849415988
-0.64561106135247259
-0.66038315395460812
1.3182600022518569
-0.93373135543422969
-0.38182204108327816
1.2475175640245566
-1.1672041559765038
-0.076902086084325361
1.1276186939356634
-1.3353997076612709
0.23795827496129984
0.96261012034810389
-1.4310463985603243
0.54576563998898409
0.75865677375612672
-1.4505807710730034
0.82981891449605727
0.52375917699860453
-1.3943107070677088
0
0
0
0
0
0
-1.6584176062562461
2.3166899592614145
-0.10986766099443912
-1.2502084245166978
2.3182804810756852
-0.17096926140094371
-0.77420571033263819
2.2099337703788557
-0.21457475705714102
-0.25207289533540855
1.9992415477977539
-0.23508588468661729
0.29212152819906889
1.6988210527230305
-0.22821754503034408
0.83308432447345881
1.3256565539405114
-0.19125362900629583
1.3455407350279314
0.90022354325443499
-0.12322170256693821
1.8054785785653784
0.44543983221836397
-0.024977306659053733
2.1913311381241551
-0.014503572709519075
0.10080680169185285
2.4850397871348133
-0.45537294117134852
0.2497463319130957
2.6729433064863946
-0.85412171588435948
0.4159411230564497
2.7464495025056666
-1.1900579783355305
0.59225128034921526
2.7024556167666409
-1.4458907930404801
0.77064018654159017
2.543496577915898
-1.6086028520355451
0.94256737677901969
2.2776137537646628
-1.6701055911034808
1.0994117038374047
1.9179508369771892
-1.6276438976073397
1.2329036384419485
1.4820971394811919
-1.483930127345586
1.3355450273426559
0.99121119572272587
-1.247000762250734
1.4009951966682996
0.46896855044148233
-0.92980298899846636
1.4244039126291557
-0.05961361691149103
-0.54953206038441915
1.4026743146096341
-0.56941624147286929
-0.12675283569366311
1.3346423881709826
-1.0364605148418979
0.31565024642234185
1.2211636742609973
-1.439090352574524
0.75364187309686914
1.0651025102858704
-1.7590361441058553
1.1632643703201269
0.87122393837731749
-1.9823067230111937
1.5218641283460153
0.64599325397787266
-2.0998651343559054
1.8092541258375197
0.39729276250583484
0
0
0
0
0
2.8954267279728976
0
-2.1023310131118418
2.88420116241819
-0.0023666196141242102
-1.5960455267490894
2.7354879691414431
0.0082895685538962871
-1.0011439113335319
2.4597777562400687
0.03232251426715993
-0.34447922523375701
2.0738013767602554
0.072853629564777922
0.34385302195714879
1.5996544343716392
0.13194918295338498
1.0319883647905348
1.063654846147239
0.21046514502380287
1.6878578566359796
0.49499118255640867
0.30795623694000418
2.2807654934372907
-0.075770035443818717
0.4226543467034406
2.7828998734781352
-0.61824286633316006
0.55151794758961825
3.1707046388370199
-1.1037678293356945
0.69035053423304149
3.426039282425215
-1.5068673409746642
0.83398256605427246
3.5370723695488588
-1.8065374946817729
0.97650815284489279
3.4988625905816706
-1.9873112293247348
1.1115648975458734
3.3135986621200786
-2.0400394498653673
1.2326430687158938
2.990486145996643
-1.9623508618761565
1.3334087235839638
2.5452869046526221
-1.7587674485664824
1.4080246204679845
1.9995342731838723
-1.4404698428750933
1.4514527870952159
1.379463232944973
-1.0247244590330027
1.4597234488260729
0.71470910721357717
-0.53400126321201569
1.4301566264772223
0.0368398528659164
0.0051733715094445659
1.3615250085437465
-0.62220468547704666
0.56357094661119778
1.2541495724918943
-1.2316885757111682
1.11075404315861
1.1099227316857312
-1.7635919601099712
1.6166332281821099
0.93225735377162122
-2.1939841182581974
2.0530092072482242
0.72596365477621339
-2.5041889818835874
2.3950224738505255
0.49705953792185498
-2.6816850914504879
0
0
0
0
0
0
-2.7918092092282274
3.2910008779445858
0.10519172107271957
-2.3218082615833371
3.139028659191303
0.17872139495378198
-1.7266465707173619
2.8403523569139439
0.25705227349662096
-1.0324145945782717
2.4136265685883678
0.34151881152744057
-0.27032764556877997
1.8837460204262801
0.43290854171386617
0.52479414910594913
1.2805532661412875
0.53135941669527742
1.3162291912331097
0.63730110774629289
0.63629352716541154
2.0671561837974597
-0.011052643471076651
0.74639126579038728
2.7424644810167171
-0.62963208261670578
0.85960792207749948
3.3104826908550651
-1.1854217726718688
0.97323249934370382
3.7445392529186812
-1.6489473933286543
1.0839863542307646
4.0242770844150533
-1.9957738865752304
1.1881571816535752
4.1366566587714289
-2.207745721981293
1.2817620091809478
4.0765974410936527
-2.2739069010732891
1.3607313187655881
3.8472256724002554
-2.1910544471267221
1.4211052594837663
3.4597161654210229
-1.9638975743661851
1.4592322109738294
2.9327360630916051
-1.6048145732957053
1.4719597408562999
2.2915184003471438
-1.1332196906810936
1.4568082819652772
1.5666118038174557
-0.57457190763037713
1.412118624313206
0.79236883621732934
0.040924457475696785
1.3371655347331193
0.0052485323821047647
0.67986187757502203
1.2322314242677357
-0.75798207099998893
1.3073368017220326
1.0986359002352424
-1.4620576031106607
1.8887358883842111
0.93871917141946337
-2.0749449072341868
2.3915112650548158
0.75577951500641238
-2.5694081680852285
2.7868552971647915
0.55396725169309868
-2.9243306536007623
3.0511903497436572
0.338139798899872
0
0
0
0
0
3.4851390912190561
0
-2.8443222609487311
3.3603954821140261
0.27965866479444257
-2.3130268411262151
3.0772930387317405
0.41748946613239624
-1.6534724552924192
2.6543547800271945
0.55281503528553233
-0.89448688367463358
2.1169336764813904
0.68463068061728705
-0.070091539556107418
1.4958892194999569
0.81180325126250596
0.78215373521985354
0.82599081513205164
0.93305908615181388
1.6229865570902058
0.14412868114975225
1.0469837037359344
2.4133671088153315
-0.51257746574999818
1.1520340549203798
3.1163964846961205
-1.1086765726605456
1.2465634627886097
3.6991325732200799
-1.6121956181160499
1.3288586578349835
4.1342128534775489
-1.9962690568050614
1.397187624321814
4.4012030970152143
-2.2405063048981102
1.4498563371812805
4.4876046394606552
-2.3320284387823418
1.4852719231488729
4.3894699317732488
-2.2661219439532387
1.502009352905886
4.111595645411164
-2.0464766323364545
1.4988784857959583
3.6672837092580193
-1.684995778311587
1.4749881606374051
3.0776822412080804
-1.2011880548434131
1.4298040634658016
2.3707393229749494
-0.62117190125500366
1.363197304608583
1.5798219012669805
0.023657533588126167
1.2754809953508883
0.74206881364611466
0.69823173373063563
1.1674326113761668
-0.10343980400712538
1.3656016805588642
1.0403005428790446
-0.91760533359171903
1.988829905045622
0.89579393030884336
-1.6632297595120551
2.5328863585799222
0.73605563595710277
-2.306835312796756
2.9664524862525719
0.5636189689274238
-2.8202940036928128
3.26354244127538
0.3813495262631692
-3.1821859497596416
0
0
0
0
0
0
-3.0875346439128917
3.3594011571606295
0.30352017850361684
-2.666989790936813
3.121473166114646
0.50007770553887687
-2.1016457458022817
2.7405141456864381
0.68810926260453709
-1.4151095947093646
2.2402750314627995
0.86451405209105048
-0.63726428195474061
1.6502598308118055
1.0264865881339642
0.1971727167926394
1.0041905855886979
1.1715814165581964
1.0503363629570006
0.33826439282004822
1.2977643545374318
1.883062751653684
-0.3107094622185394
1.4034485784091664
2.6568074639727994
-0.90719824759304357
1.4875145789147632
3.3355379528524987
-1.4187651511856729
1.5493137328771265
3.8875055783169925
-1.8177275685277094
1.5886559733728327
4.2868088723471995
-2.0825707589238056
1.6057827405803782
4.5146700061954101
-2.1990456622123773
1.6013270298500184
4.5603607337240177
-2.1608955882847418
1.5762628903492197
4.4217315769502168
-1.9701751870416833
1.5318471426915548
4.105317828563896
-1.6371456383453802
1.4695563566951491
3.6260170784263668
-1.1797513401520403
1.3910222495204616
3.0063543683734304
-0.62270444601221009
1.2979686248094828
2.2753716703617264
0.0037766459005589836
1.1921527791804438
1.4671971354959177
0.66551131399742014
1.0753139638432221
0.61936553662825389
1.3261054594678874
0.94913102586598797
-0.22902627494043509
1.9488168506253924
0.81519078890202556
-1.0392368785249986
2.4984430212578261
0.67496809798777235
-1.7747751473106368
2.9431364838191216
0.52981777924066431
-2.4031780505451401
3.2560556061531623
0.38097808886304957
-2.8975829022275805
3.4167676919513346
0.22958458061635417
0
0
0
0
0
3.122728363803065
0
-2.7318480990055836
2.9468303395818629
0.50165834187038161
-2.299814416820225
2.6348051034880884
0.73810253368773726
-1.7383248676426351
2.2072740724163591
0.95785243974375911
-1.0706558581704584
1.6904416712317332
1.1562621680496092
-0.32564717095243984
1.1147213953260358
1.3294202631639296
0.46368583284938386
0.51315419405143592
1.4742699161269734
1.2617531323227564
-0.080300804893875699
1.5886914946400719
2.0321244970312877
-0.63251686015556885
1.6715441448324904
2.739311127231538
-1.112903089793343
1.7226651920047578
3.350505712660679
-1.4949749008681361
1.742828097310565
3.8371941526867177
-1.7577121688549002
1.7336617099409735
4.1765585392898785
-1.8866366832830588
1.6975353915234508
4.352601388768587
-1.8745545374959836
1.6374161906010762
4.3569349995311706
-1.7219260299404358
1.556705531027162
4.1891965154516955
-1.4368444132787408
1.4590637862071256
3.8570679513709107
-1.0346245338852229
1.3482315968592236
3.3759001535761444
-0.53702205861366292
1.2278568310542661
2.7679594361208646
0.028877398594011783
1.1013356807468335
2.0613344636359598
0.63204329564793815
0.97167556078691575
1.2885578997845726
1.2390895385815157
0.84138626786930881
0.48501155864808093
1.8159880975775904
0.71240432931195985
-0.31280542719810145
2.3298204381113368
0.58605370395946432
-1.0690591134280334
2.7504783757298124
0.46304407879371878
-1.7503251430543205
3.0522284354208606
0.34350603323464646
-2.3272082263875196
3.2150605852955323
0.22706041814015074
-2.7757562054255329
0
0
0
0
0
0
-2.495913040534393
2.5555200084717975
0.43031571776345895
-2.2116372237112283
2.3251839607840452
0.70454143872012942
-1.8047165175724871
1.9925261532935483
0.96030667852564688
-1.2905331334061367
1.5791524702368891
1.1912358359732558
-0.69005873147901542
1.1104748046041235
1.3919054610400439
-0.028863323640112237
0.61437790059199204
1.5580387903102235
0.66410981719369921
0.11976597368136993
1.6866474437931043
1.3579425274238088
-0.34493731988691478
1.7761140930448391
2.021243949070362
-0.75325970953890553
1.8262128000293372
2.6236818312898258
-1.0820476064686415
1.8380667708913716
3.1374666890882876
-1.3126608062272105
1.8140463169419692
3.5387148604799386
-1.4319342667127142
1.7576127142528377
3.8086224952584034
-1.432858393559346
1.67311626039201
3.9343919039598907
-1.3149434672589906
1.5655590114080833
3.9098640242045462
-1.0842497755275697
1.4403343368811747
3.7358254063735354
-0.75308186974171065
1.3029564738669528
3.4199743484776315
-0.33936230009810614
1.158793640967329
2.9765478081248435
0.13428365045615126
1.0128179743907058
2.4256276372335215
0.64168613022067389
0.86938458469004365
1.7921606744385152
1.154473407977038
0.73205045644089561
1.104741491377587
1.6435313771198605
0.60344180296103012
0.39421840740085012
2.0805062256402529
0.48517595268809299
-0.30780782837800014
2.4392743842561924
0.3778410103318659
-0.97051797809848583
2.697305437371126
0.28103354860118168
-1.5653645980434423
2.8368489888909121
0.19345159564388387
-2.0674446275329341
2.8458852503873713
0.11303734039522023
0
0
0
0
0
1.9788260423885013
0
-1.8467886338479009
1.8281375099784758
0.60032479018150653
-1.5984113059085949
1.5971751830815535
0.8789171906452482
-1.2559983143213858
1.3024015723625226
1.1326113046669228
-0.83193447880469484
0.96327425056277993
1.3547006009345475
-0.34293371741436601
0.60121136020101063
1.5397465788406275
0.19074183492436936
0.23846212392523886
1.6837798221690374
0.74624430263529251
-0.10306030729829013
1.7844322713644023
1.2992365510402706
-0.40292449487233539
1.8409949214227654
1.8250683100215932
-0.64324680605005957
1.8543988198880821
2.2999735204372564
-0.80962397903505667
1.8271210038052337
2.7022293501586616
-0.89188494668847862
1.7630206881711263
3.0132191733508469
-0.88462384723385723
1.6671144180840409
3.2183465413272287
-0.78748720550601958
1.5453018534303795
3.3077545605341125
-0.60520068157158247
1.4040562213611345
3.276814762809714
-0.34733393212142405
1.2500951311369168
3.1263610217743563
-0.027815352368149748
1.0900483156909528
2.8626567628900808
0.33577890077882422
0.93013890301873792
2.4970969978771458
0.72312579507120522
0.77589402740192503
2.0456599221768128
1.1122007988759077
0.63189900649237507
1.5281352855476962
1.4804149965426041
0.50160701691113196
0.96716785643330327
1.8057865120542256
0.38721331397480918
0.38716349459257304
2.0680870139491816
0.2895997069142664
-0.18688783687492366
2.249905254623807
0.20835138779526152
-0.73061368971717555
2.3375736949052444
0.14184450252917524
-1.2214257723093409
2.3219110756367698
0.087399233154580758
-1.6395938125407095
0
0
0
0
0
0
-1.2587541190862896
1.1875580749256012
0.44794037581517504
-1.1490321645962802
1.0502422457506233
0.73145127265978849
-0.97102171367861678
0.87318646162175895
0.99295419250796724
-0.7290948155933118
0.66973636188029084
1.2249453710903042
-0.431020024925512
0.45434240639825046
1.4211458643104291
-0.087627716952016765
0.24178184030871208
1.5767490702126579
0.28768122725215517
0.046367694513630209
1.6885984754568428
0.6795593803280302
-0.1188148850967099
1.7552875088771829
1.0714386886741023
-0.24260610817892406
1.7771772299317186
1.4463225014516372
-0.31636731644365412
1.7563316295804383
1.7876044803731896
-0.33444473641564559
1.6963743737726182
2.0798737464226837
-0.29447756950162812
1.602274673094825
2.3096662367013812
-0.19753466121085372
1.4800734236435964
2.4661248644708298
-0.048072666408963072
1.3365636620438586
2.5415355676611595
0.14628233955055384
1.178941566989133
2.5317124713685843
0.37511891684461707
1.0144456127913313
2.4362128715405014
0.62577070545863078
0.85000196927527205
2.2583711955969541
0.88396655358505971
0.69189382398336652
2.0051500892943244
1.1345675418186287
0.54547099900362805
1.6868158667922017
1.3623536761476729
0.41491411322192651
1.3164542892072242
1.5528204553271683
0.30306470797310658
0.90935056788217672
1.6929449494597903
0.21132935443814116
0.48226422678861824
1.771882488181638
0.13966196514571605
0.052634665625748756
1.7815584742999584
0.086624532205604399
-0.36224331777824736
1.7171250431890899
0.049522511680030967
-0.74603333194360388
1.5772590180872357
0.024607269703808554
0
0
0
0
0
0.46932625329690963
0
-0.52625919515892872
0.40554034610899886
0.54413725012759184
-0.48309015691011314
0.33087301885828951
0.79478270247191052
-0.40413245424893313
0.25312729625713021
1.020745466815506
-0.28936780816435759
0.18009063329428462
1.2154538028960147
-0.14076889971780437
0.11909551381997244
1.3736525665569272
0.037751986457123965
0.076605615285772227
1.4916100295132784
0.24049463430443097
0.057848871496099352
1.5672521736052603
0.46021583870850558
0.066516371712356526
1.6002183896125548
0.68845584960723927
0.10454268424595123
1.5918363952726076
0.91593041100258965
0.17197905518628667
1.5450181728926649
1.1329691408835056
0.26696621513433305
1.4640826161700164
1.3299786115588301
0.38580846731007723
1.3545141734093646
1.497907184186585
0.52314558257542176
1.2226699016149347
1.6286884927433052
0.67221405072079721
1.0754498463964581
1.7156414701008751
0.82518468249102495
0.91994741276703118
1.753806913255902
0.97355965298988711
0.7630973043135818
1.7402036914812746
1.1086090211445532
0.61133863887865925
1.6739916552806469
1.2218247053639371
0.47030999711814481
1.5565329084515085
1.3053689473087955
0.34459146989311495
1.3913481300526818
1.3524945012263256
0.23750632765891422
1.1839698268282852
1.3579151372420613
0.15099186283887334
0.94169949995423519
1.3181074754030166
0.085545410403669697
0.6732804677908415
1.2315285529857822
0.040247710425102445
0.38850226084165851
1.0987377011515496
0.012861833897054087
0.097755887713890655
0.9224160598081903
2.0467213209807156e-06
-0.18843830753688906
0
0
0
0
0
0
0.17206586909926527
-0.26540498906176596
0.34809132528676395
0.12525008592251044
-0.26371248520144919
0.56765346533132932
0.080160167182307673
-0.2391497071341257
0.76903463260369709
0.042463538405291823
-0.189605126678486
0.94606864179919803
0.017313371402897015
-0.11438326229569065
1.0936314082505993
0.00904914980317717
-0.014279541910119237
1.2078506930292037
0.020940357178769742
0.10842215177982137
1.2862559169058447
0.054986627192253779
0.25002960128449603
1.3278610886952373
0.11178482857258765
0.40559645457518834
1.3331772046797508
0.19047016032712116
0.56914316253018327
1.304153963137588
0.2887345753667937
0.7339339155667195
1.244054127448988
0.40292192228730084
0.89279598071789223
1.1572671882093839
0.52819529355608696
1.0384656579420053
1.0490719539171844
0.65876838951095174
1.1639436804606389
0.9253601925620889
0.78818943727645641
1.2628423488915499
0.79233532843336429
0.90966350599943147
1.3297070407627303
0.65620137652705712
1.0163970713978072
1.3602959583888268
0.52285771265656744
1.101947503315833
1.351804009009852
0.39761491104918112
1.1605598406029152
1.3030194504286634
0.28494575188862326
1.1874737934292565
1.2144052461214416
0.18828366674183283
1.1791853470349267
1.0881007914585337
0.1098784428651296
1.1336495609435757
0.92784361071725274
0.050716071444233179
1.0504140537539026
0.73881458714167991
0.010506348169983859
0.9306760909227112
0.52741407604812196
-0.012261617877639241
0.77725998019858489
0.300979676362506
-0.020199285592261473
0.5945154375470354
0.067459325664811831
-0.016840534489428349
0
0
0
0
0
-0.88336794164757881
0
0.75053016954667418
-0.83676200467243111
0.34414929405632017
0.63195603628993791
-0.74209614136243329
0.50208918930342195
0.48921224128106677
-0.60148608036702567
0.64375690352647985
0.33203310919354739
-0.41946119922856412
0.76484191597890927
0.17074985216398597
-0.2027691105328652
0.86191869991490933
0.015741714565611353
0.039932763268909849
0.93258521555533047
-0.12311330667778553
0.29848353695511542
0.9755523495728966
-0.236960260760403
0.56170310487624997
0.99068020621390918
-0.31843506248256781
0.81793031439069719
0.97895978681350215
-0.36205457484182546
1.055588366340444
0.94244129489221384
-0.36450913271857277
1.2637493341830102
0.88411293871880481
-0.32484261813135129
1.4326696956108591
0.80773653989392324
-0.24451087990316445
1.5542701792112068
0.71764837420117034
-0.12731543655823563
1.6225359745690942
0.61853536381415064
0.020784297419747966
1.6338172993876632
0.51519792356300131
0.19197088209278657
1.5870152650742475
0.41231137997358924
0.37696576946923593
1.4836436848646484
0.31419789969969442
0.56550330287311146
1.3277636407980746
0.22462028372876663
0.74685792007157004
1.1257939589562003
0.14660783501377983
0.91039796769540138
0.88620691899034254
0.082322848256213943
1.046138155099761
0.61912423528118665
0.03297418535573482
1.1452627023297963
0.33583330719104321
-0.0012180065063890355
1.2005926669822971
0.048247696361819248
-0.021004983586584536
1.2069736985561164
-0.2316614479584882
-0.028040725614621342
1.1615644274285239
-0.49243486722279439
-0.024765721097772919
1.0640106510508358
0
0
0
0
0
0
1.2858364281609416
-1.3122391019008512
0.1553527654327192
1.146282912969993
-1.1826976834191061
0.25319048479841899
0.95339726954039827
-0.98892020166829586
0.34269518768591234
0.71860216097586993
-0.73890309193911485
0.42104692990806031
0.45534759701492067
-0.4435465199827815
0.4859091773603707
0.17841541264505278
-0.11612838510102495
0.53552594489791294
-0.096841838741007158
0.22834221693142143
0.5687910296595492
-0.35528916248528641
0.57385989341985788
0.58528610389923252
-0.58278481078117528
0.90420958860483014
0.58528597571245711
-0.76690427482439849
1.2037657072961048
0.56973095146569408
-0.8975760899811096
1.4582638324901005
0.54016786009013584
-0.96759741133364385
1.6555064883628656
0.49866284523580645
-0.97300337374051693
1.7859676785091128
0.44769041948507832
-0.91327161230001319
1.843265974420494
0.39000443627153486
-0.79135161600998294
1.8244824893459965
0.32849751166848018
-0.61351740290710133
1.7303078182880633
0.26605597654398744
-0.38905089696973655
1.5650105687873674
0.20541763236960839
-0.1297719089775537
1.3362290206803169
0.14903941213059391
0.15056165234486674
1.0545962902203636
0.098981520133410883
0.43695317370988085
0.73321769143211935
0.056813768171674828
0.71393114507366273
0.38702636942460827
0.02354868341091354
0.96633893272061333
0.032049355938661095
-0.0003954064028497406
1.1801107395230903
-0.31537933660771467
-0.015199633674387925
1.3429946419388699
-0.63941933472936852
-0.021618131408056462
1.4451862248505067
-0.92549832242430696
-0.02092139874930754
1.4798407987809097
-1.1610216762103729
-0.014812568135114584
0
0
0
0
0
0
0
0
0
0
0
0
0
0
0
0
0
0
0
0
0
0
0
0
0
0
0
0
0
0
0
0
0
0
0
0
0
0
0
0
0
0
0
0
0
0
0
0
0
0
0
0
0
0
0
0
0
0
0
0
0
0
0
0
0
0
0
0
0
0
0
0
0
0
0
0
0
0
0
0
0
0
0
0
0
0
