54.16955764179648
60.880753419136425
57.473781632599099
58.598037912423898
62.039162727886563
52.023832172146953
52.023832172146953
60.880753419136425
54.16955764179648
55.259539189789997
50.968051118210873
53.090993716546421
50.968051118210873
52.023832172146953
52.023832172146953
48.890510948905103
54.16955764179648
53.090993716546421
58.598037912423898
64.389899871770396
62.039162727886563
56.360946745562131
53.090993716546421
54.16955764179648
43.893101168172805
46.858073209072536
43.893101168172805
39.17025110852915
45.858648481091137
36.464264962231269
46.858073209072536
45.858648481091137
53.090993716546421
43.893101168172805
58.598037912423898
65.582129246291785
72.967105448600506
60.880753419136425
62.039162727886563
54.16955764179648
74.23566878980894
54.16955764179648
52.023832172146953
54.16955764179648
58.598037912423898
58.598037912423898
55.259539189789997
59.73370218907867
57.473781632599099
59.73370218907867
58.598037912423898
50.968051118210873
55.259539189789997
60.880753419136425
64.389899871770396
46.858073209072536
53.090993716546421
56.360946745562131
57.473781632599099
64.389899871770396
68
62.039162727886563
60.880753419136425
55.259539189789997
52.023832172146953
54.16955764179648
55.259539189789997
58.598037912423898
53.090993716546421
54.16955764179648
55.259539189789997
62.039162727886563
60.880753419136425
55.259539189789997
64.389899871770396
60.880753419136425
62.039162727886563
64.389899871770396
74.23566878980894
62.039162727886563
49.923622227303895
66.785519464418542
60.880753419136425
56.360946745562131
53.090993716546421
59.73370218907867
63.208893232347904
52.023832172146953
45.858648481091137
58.598037912423898
57.473781632599099
52.023832172146953
44.870345269487636
54.16955764179648
50.968051118210873
66.785519464418542
44.870345269487636
53.090993716546421
59.73370218907867
57.473781632599099
54.16955764179648
56.360946745562131
56.360946745562131
56.360946745562131
59.73370218907867
64.389899871770396
55.259539189789997
59.73370218907867
48.890510948905103
49.923622227303895
53.090993716546421
49.923622227303895
60.880753419136425
65.582129246291785
71.709146016333179
57.473781632599099
69.225491559362581
65.582129246291785
65.582129246291785
64.389899871770396
68
68
66.785519464418542
63.208893232347904
72.967105448600506
72.967105448600506
69.225491559362581
60.880753419136425
64.389899871770396
63.208893232347904
56.360946745562131
57.473781632599099
55.259539189789997
54.16955764179648
65.582129246291785
57.473781632599099
54.16955764179648
62.039162727886563
68
66.785519464418542
68
64.389899871770396
59.73370218907867
68
60.880753419136425
72.967105448600506
69.225491559362581
66.785519464418542
62.039162727886563
66.785519464418542
59.73370218907867
59.73370218907867
65.582129246291785
80.732851985559549
78.103688418880566
88.847362679482245
82.062092355857018
66.785519464418542
70.461905959265792
69.225491559362581
72.967105448600506
72.967105448600506
57.473781632599099
63.208893232347904
64.389899871770396
79.413326811865247
72.967105448600506
75.514711317053766
76.804098992378627
68
68
63.208893232347904
63.208893232347904
63.208893232347904
63.208893232347904
60.880753419136425
66.785519464418542
70.461905959265792
75.514711317053766
69.225491559362581
82.062092355857018
79.413326811865247
70.461905959265792
71.709146016333179
75.514711317053766
87.472446730345325
74.23566878980894
72.967105448600506
59.73370218907867
63.208893232347904
58.598037912423898
75.514711317053766
72.967105448600506
82.062092355857018
84.748985490322028
72.967105448600506
71.709146016333179
72.967105448600506
90.230769230769226
76.804098992378627
93.022101912722732
72.967105448600506
62.039162727886563
68
72.967105448600506
78.103688418880566
70.461905959265792
66.785519464418542
68
75.514711317053766
65.582129246291785
63.208893232347904
63.208893232347904
66.785519464418542
66.785519464418542
64.389899871770396
70.461905959265792
70.461905959265792
53.090993716546421
41.027027027027025
41.971516309210038
50.968051118210873
58.598037912423898
68
72.967105448600506
66.785519464418542
76.804098992378627
63.208893232347904
52.023832172146953
72.967105448600506
79.413326811865247
78.103688418880566
75.514711317053766
78.103688418880566
79.413326811865247
88.847362679482245
65.582129246291785
72.967105448600506
88.847362679482245
82.062092355857018
93.022101912722732
72.967105448600506
87.472446730345325
78.103688418880566
65.582129246291785
64.389899871770396
71.709146016333179
71.709146016333179
76.804098992378627
75.514711317053766
80.732851985559549
69.225491559362581
64.389899871770396
74.23566878980894
79.413326811865247
68
28.097560975609756
13.361588519939929
12.126649991784271
19.947976878612714
15.910806109380079
13.988790284913591
13.361588519939929
38.257790968836126
68
78.103688418880566
84.748985490322028
66.785519464418542
78.103688418880566
82.062092355857018
79.413326811865247
91.622430516418007
79.413326811865247
78.103688418880566
75.514711317053766
78.103688418880566
69.225491559362581
79.413326811865247
84.748985490322028
86.106248352227794
93.022101912722732
90.230769230769226
80.732851985559549
86.106248352227794
86.106248352227794
88.847362679482245
80.732851985559549
87.472446730345325
83.400866959532195
80.732851985559549
76.804098992378627
74.23566878980894
72.967105448600506
83.400866959532195
91.622430516418007
32.15889949466591
18.572458770910089
17.227074235807859
17.896063515654028
19.256387350366268
15.910806109380079
17.896063515654028
15.263274714017415
12.740915864809669
20.647355163727958
70.461905959265792
82.062092355857018
84.748985490322028
69.225491559362581
79.413326811865247
86.106248352227794
82.062092355857018
88.847362679482245
86.106248352227794
75.514711317053766
82.062092355857018
76.804098992378627
88.847362679482245
90.230769230769226
83.400866959532195
78.103688418880566
94.429530201342274
98.695699215580191
103.02178056084945
100.1314576618369
87.472446730345325
82.062092355857018
74.23566878980894
90.230769230769226
90.230769230769226
90.230769230769226
80.732851985559549
86.106248352227794
110.3428013546084
52.023832172146953
32.15889949466591
56.360946745562131
76.804098992378627
47.86867672532825
34.71194368651549
19.256387350366268
17.227074235807859
18.572458770910089
15.263274714017415
15.263274714017415
34.71194368651549
83.400866959532195
91.622430516418007
101.5735849056604
82.062092355857018
100.1314576618369
90.230769230769226
87.472446730345325
86.106248352227794
94.429530201342274
80.732851985559549
86.106248352227794
76.804098992378627
101.5735849056604
82.062092355857018
75.514711317053766
82.062092355857018
93.022101912722732
87.472446730345325
95.844453748841133
97.26660270440442
84.748985490322028
93.022101912722732
95.844453748841133
84.748985490322028
88.847362679482245
90.230769230769226
100.1314576618369
88.847362679482245
27.313300471403661
66.785519464418542
104.47573727760435
82.062092355857018
80.732851985559549
58.598037912423898
25.77181592514798
14.622644351149349
17.227074235807859
17.227074235807859
11.518669492907225
14.622644351149349
66.785519464418542
98.695699215580191
94.429530201342274
98.695699215580191
101.5735849056604
104.47573727760435
94.429530201342274
94.429530201342274
105.93514104393769
91.622430516418007
71.709146016333179
80.732851985559549
83.400866959532195
95.844453748841133
97.26660270440442
97.26660270440442
94.429530201342274
98.695699215580191
126.75000768923202
113.30245006576334
105.93514104393769
103.02178056084945
97.26660270440442
101.5735849056604
107.39967150287436
87.472446730345325
111.8207313720099
43.893101168172805
28.890997226892594
82.062092355857018
84.748985490322028
101.5735849056604
71.709146016333179
57.473781632599099
30.505880007972891
24.265551489806587
15.910806109380079
13.361588519939929
25.014343787518165
15.263274714017415
47.86867672532825
79.413326811865247
79.413326811865247
80.732851985559549
97.26660270440442
90.230769230769226
100.1314576618369
95.844453748841133
111.8207313720099
94.429530201342274
88.847362679482245
87.472446730345325
111.8207313720099
98.695699215580191
80.732851985559549
86.106248352227794
93.022101912722732
71.709146016333179
117.76684971009601
113.30245006576334
94.429530201342274
116.27586206896551
98.695699215580191
110.3428013546084
117.76684971009601
97.26660270440442
76.804098992378627
15.263274714017415
35.583004363183051
79.413326811865247
83.400866959532195
80.732851985559549
83.400866959532195
58.598037912423898
47.86867672532825
33.850978070275318
26.538093304554106
14.622644351149349
14.622644351149349
15.910806109380079
20.647355163727958
48.890510948905103
52.023832172146953
59.73370218907867
80.732851985559549
82.062092355857018
94.429530201342274
104.47573727760435
90.230769230769226
90.230769230769226
86.106248352227794
83.400866959532195
108.86900228484387
101.5735849056604
53.090993716546421
66.785519464418542
59.73370218907867
63.208893232347904
69.225491559362581
71.709146016333179
58.598037912423898
87.472446730345325
107.39967150287436
129.74979241627454
123.75096079938508
119.26021551591811
55.259539189789997
22.793501328992644
43.893101168172805
69.225491559362581
75.514711317053766
65.582129246291785
48.890510948905103
42.926848855036134
44.870345269487636
37.355827503100357
22.069989569058968
16.565363946298898
21.354650100493334
19.947976878612714
16.565363946298898
40.093300236293771
42.926848855036134
63.208893232347904
72.967105448600506
72.967105448600506
80.732851985559549
94.429530201342274
84.748985490322028
117.76684971009601
72.967105448600506
71.709146016333179
88.847362679482245
72.967105448600506
42.926848855036134
50.968051118210873
58.598037912423898
54.16955764179648
56.360946745562131
42.926848855036134
48.890510948905103
53.090993716546421
64.389899871770396
101.5735849056604
128.24999231076799
105.93514104393769
45.858648481091137
37.355827503100357
29.693730345479739
35.583004363183051
32.15889949466591
46.858073209072536
28.097560975609756
35.583004363183051
23.525312908649354
22.069989569058968
28.097560975609756
19.947976878612714
21.354650100493334
22.069989569058968
17.227074235807859
37.355827503100357
42.926848855036134
62.039162727886563
75.514711317053766
58.598037912423898
63.208893232347904
98.695699215580191
80.732851985559549
104.47573727760435
82.062092355857018
76.804098992378627
100.1314576618369
83.400866959532195
41.027027027027025
57.473781632599099
54.16955764179648
56.360946745562131
59.73370218907867
53.090993716546421
46.858073209072536
50.968051118210873
49.923622227303895
76.804098992378627
60.880753419136425
76.804098992378627
38.257790968836126
17.227074235807859
43.893101168172805
55.259539189789997
49.923622227303895
52.023832172146953
46.858073209072536
46.858073209072536
52.023832172146953
50.968051118210873
27.313300471403661
17.227074235807859
20.647355163727958
37.355827503100357
17.227074235807859
34.71194368651549
46.858073209072536
58.598037912423898
60.880753419136425
55.259539189789997
58.598037912423898
101.5735849056604
88.847362679482245
98.695699215580191
75.514711317053766
66.785519464418542
93.022101912722732
87.472446730345325
43.893101168172805
50.968051118210873
56.360946745562131
66.785519464418542
41.027027027027025
41.027027027027025
39.17025110852915
41.027027027027025
43.893101168172805
38.257790968836126
41.971516309210038
42.926848855036134
33.850978070275318
18.572458770910089
44.870345269487636
91.622430516418007
75.514711317053766
70.461905959265792
63.208893232347904
87.472446730345325
87.472446730345325
41.971516309210038
22.793501328992644
20.647355163727958
23.525312908649354
33.850978070275318
17.227074235807859
62.039162727886563
53.090993716546421
55.259539189789997
58.598037912423898
47.86867672532825
53.090993716546421
86.106248352227794
90.230769230769226
70.461905959265792
75.514711317053766
84.748985490322028
88.847362679482245
72.967105448600506
44.870345269487636
34.71194368651549
46.858073209072536
52.023832172146953
53.090993716546421
48.890510948905103
42.926848855036134
38.257790968836126
37.355827503100357
39.17025110852915
37.355827503100357
31.327564288422511
22.069989569058968
17.227074235807859
34.71194368651549
75.514711317053766
71.709146016333179
83.400866959532195
41.971516309210038
70.461905959265792
62.039162727886563
42.926848855036134
22.793501328992644
36.464264962231269
22.069989569058968
15.263274714017415
37.355827503100357
27.313300471403661
60.880753419136425
56.360946745562131
60.880753419136425
64.389899871770396
68
79.413326811865247
74.23566878980894
71.709146016333179
62.039162727886563
68
71.709146016333179
64.389899871770396
34.71194368651549
44.870345269487636
41.027027027027025
37.355827503100357
41.971516309210038
39.17025110852915
45.858648481091137
38.257790968836126
41.971516309210038
41.971516309210038
37.355827503100357
29.693730345479739
17.227074235807859
17.227074235807859
38.257790968836126
53.090993716546421
60.880753419136425
29.693730345479739
35.583004363183051
57.473781632599099
45.858648481091137
30.505880007972891
24.265551489806587
12.126649991784271
33.850978070275318
22.793501328992644
18.572458770910089
41.027027027027025
32.15889949466591
41.971516309210038
47.86867672532825
43.893101168172805
56.360946745562131
45.858648481091137
53.090993716546421
62.039162727886563
53.090993716546421
52.023832172146953
48.890510948905103
71.709146016333179
41.027027027027025
41.027027027027025
42.926848855036134
40.093300236293771
37.355827503100357
40.093300236293771
41.027027027027025
42.926848855036134
40.093300236293771
36.464264962231269
34.71194368651549
31.327564288422511
21.354650100493334
41.027027027027025
34.71194368651549
35.583004363183051
49.923622227303895
39.17025110852915
30.505880007972891
35.583004363183051
43.893101168172805
33
17.227074235807859
37.355827503100357
17.227074235807859
19.947976878612714
60.880753419136425
50.968051118210873
30.505880007972891
47.86867672532825
50.968051118210873
46.858073209072536
43.893101168172805
48.890510948905103
50.968051118210873
57.473781632599099
59.73370218907867
50.968051118210873
45.858648481091137
79.413326811865247
32.15889949466591
38.257790968836126
44.870345269487636
43.893101168172805
45.858648481091137
45.858648481091137
35.583004363183051
39.17025110852915
32.15889949466591
44.870345269487636
28.890997226892594
34.71194368651549
24.265551489806587
17.896063515654028
15.910806109380079
29.693730345479739
59.73370218907867
48.890510948905103
47.86867672532825
41.971516309210038
31.327564288422511
17.227074235807859
22.069989569058968
18.572458770910089
17.227074235807859
14.622644351149349
33.850978070275318
31.327564288422511
32.15889949466591
39.17025110852915
47.86867672532825
44.870345269487636
50.968051118210873
53.090993716546421
49.923622227303895
40.093300236293771
64.389899871770396
63.208893232347904
53.090993716546421
64.389899871770396
43.893101168172805
35.583004363183051
36.464264962231269
37.355827503100357
39.17025110852915
41.027027027027025
38.257790968836126
37.355827503100357
48.890510948905103
44.870345269487636
47.86867672532825
49.923622227303895
28.890997226892594
19.947976878612714
16.565363946298898
25.77181592514798
28.890997226892594
69.225491559362581
46.858073209072536
29.693730345479739
19.947976878612714
19.947976878612714
18.572458770910089
16.565363946298898
14.622644351149349
22.069989569058968
18.572458770910089
24.265551489806587
39.17025110852915
43.893101168172805
47.86867672532825
40.093300236293771
46.858073209072536
60.880753419136425
48.890510948905103
52.023832172146953
48.890510948905103
59.73370218907867
56.360946745562131
55.259539189789997
38.257790968836126
29.693730345479739
29.693730345479739
36.464264962231269
41.027027027027025
44.870345269487636
41.027027027027025
41.027027027027025
43.893101168172805
48.890510948905103
56.360946745562131
55.259539189789997
30.505880007972891
26.538093304554106
31.327564288422511
19.256387350366268
18.572458770910089
46.858073209072536
34.71194368651549
18.572458770910089
19.947976878612714
31.327564288422511
35.583004363183051
11.518669492907225
29.693730345479739
16.565363946298898
24.265551489806587
47.86867672532825
49.923622227303895
46.858073209072536
43.893101168172805
47.86867672532825
36.464264962231269
45.858648481091137
43.893101168172805
47.86867672532825
54.16955764179648
62.039162727886563
62.039162727886563
60.880753419136425
37.355827503100357
34.71194368651549
36.464264962231269
43.893101168172805
47.86867672532825
56.360946745562131
54.16955764179648
68
68
63.208893232347904
74.23566878980894
69.225491559362581
50.968051118210873
26.538093304554106
14.622644351149349
18.572458770910089
14.622644351149349
25.77181592514798
28.097560975609756
29.693730345479739
34.71194368651549
18.572458770910089
19.256387350366268
17.896063515654028
14.622644351149349
15.263274714017415
23.525312908649354
15.910806109380079
25.014343787518165
43.893101168172805
46.858073209072536
41.971516309210038
45.858648481091137
36.464264962231269
50.968051118210873
44.870345269487636
43.893101168172805
52.023832172146953
62.039162727886563
55.259539189789997
41.027027027027025
37.355827503100357
41.027027027027025
36.464264962231269
34.71194368651549
49.923622227303895
57.473781632599099
55.259539189789997
56.360946745562131
65.582129246291785
62.039162727886563
47.86867672532825
33.850978070275318
28.097560975609756
17.227074235807859
18.572458770910089
41.027027027027025
15.263274714017415
48.890510948905103
33
32.15889949466591
22.793501328992644
39.17025110852915
17.227074235807859
13.988790284913591
17.227074235807859
15.263274714017415
21.354650100493334
26.538093304554106
36.464264962231269
36.464264962231269
53.090993716546421
56.360946745562131
49.923622227303895
41.971516309210038
45.858648481091137
52.023832172146953
53.090993716546421
53.090993716546421
52.023832172146953
44.870345269487636
58.598037912423898
65.582129246291785
58.598037912423898
63.208893232347904
43.893101168172805
28.890997226892594
29.693730345479739
37.355827503100357
32.15889949466591
36.464264962231269
25.77181592514798
26.538093304554106
56.360946745562131
33.850978070275318
26.538093304554106
50.968051118210873
47.86867672532825
46.858073209072536
55.259539189789997
56.360946745562131
45.858648481091137
52.023832172146953
28.890997226892594
12.740915864809669
19.256387350366268
47.86867672532825
28.097560975609756
21.354650100493334
17.896063515654028
19.947976878612714
28.097560975609756
29.693730345479739
31.327564288422511
38.257790968836126
45.858648481091137
42.926848855036134
69.225491559362581
57.473781632599099
45.858648481091137
37.355827503100357
54.16955764179648
64.389899871770396
54.16955764179648
28.097560975609756
28.890997226892594
22.793501328992644
36.464264962231269
22.793501328992644
20.647355163727958
36.464264962231269
40.093300236293771
15.910806109380079
17.227074235807859
31.327564288422511
24.265551489806587
49.923622227303895
79.413326811865247
78.103688418880566
64.389899871770396
71.709146016333179
66.785519464418542
56.360946745562131
41.027027027027025
22.069989569058968
24.265551489806587
20.647355163727958
21.354650100493334
23.525312908649354
22.069989569058968
33
45.858648481091137
54.16955764179648
54.16955764179648
47.86867672532825
43.893101168172805
53.090993716546421
58.598037912423898
64.389899871770396
46.858073209072536
29.693730345479739
38.257790968836126
28.097560975609756
37.355827503100357
33.850978070275318
25.77181592514798
31.327564288422511
25.77181592514798
17.227074235807859
17.896063515654028
23.525312908649354
41.027027027027025
22.069989569058968
20.647355163727958
28.097560975609756
39.17025110852915
87.472446730345325
93.022101912722732
94.429530201342274
69.225491559362581
82.062092355857018
98.695699215580191
65.582129246291785
44.870345269487636
17.227074235807859
16.565363946298898
18.572458770910089
19.947976878612714
21.354650100493334
21.354650100493334
20.647355163727958
20.647355163727958
46.858073209072536
58.598037912423898
40.093300236293771
33
46.858073209072536
56.360946745562131
45.858648481091137
52.023832172146953
37.355827503100357
43.893101168172805
28.097560975609756
37.355827503100357
28.890997226892594
26.538093304554106
39.17025110852915
30.505880007972891
20.647355163727958
28.097560975609756
21.354650100493334
23.525312908649354
28.890997226892594
19.947976878612714
28.890997226892594
83.400866959532195
97.26660270440442
101.5735849056604
90.230769230769226
80.732851985559549
94.429530201342274
75.514711317053766
71.709146016333179
36.464264962231269
17.227074235807859
14.622644351149349
27.313300471403661
21.354650100493334
23.525312908649354
15.910806109380079
26.538093304554106
28.097560975609756
28.890997226892594
39.17025110852915
38.257790968836126
32.15889949466591
47.86867672532825
56.360946745562131
88.847362679482245
49.923622227303895
33
25.014343787518165
31.327564288422511
62.039162727886563
46.858073209072536
27.313300471403661
34.71194368651549
24.265551489806587
24.265551489806587
17.227074235807859
16.565363946298898
24.265551489806587
17.896063515654028
22.069989569058968
38.257790968836126
74.23566878980894
90.230769230769226
95.844453748841133
103.02178056084945
97.26660270440442
93.022101912722732
86.106248352227794
72.967105448600506
33
13.361588519939929
19.256387350366268
19.947976878612714
27.313300471403661
25.77181592514798
34.71194368651549
23.525312908649354
15.910806109380079
26.538093304554106
40.093300236293771
41.027027027027025
58.598037912423898
60.880753419136425
60.880753419136425
76.804098992378627
69.225491559362581
30.505880007972891
31.327564288422511
28.890997226892594
32.15889949466591
25.77181592514798
30.505880007972891
28.890997226892594
26.538093304554106
18.572458770910089
22.793501328992644
36.464264962231269
19.256387350366268
17.227074235807859
37.355827503100357
65.582129246291785
91.622430516418007
97.26660270440442
97.26660270440442
131.2490392006149
131.2490392006149
100.1314576618369
101.5735849056604
68
31.327564288422511
21.354650100493334
20.647355163727958
33
37.355827503100357
25.77181592514798
34.71194368651549
23.525312908649354
60.880753419136425
28.097560975609756
22.793501328992644
24.265551489806587
45.858648481091137
41.027027027027025
59.73370218907867
59.73370218907867
58.598037912423898
46.858073209072536
32.15889949466591
27.313300471403661
28.097560975609756
33
27.313300471403661
29.693730345479739
25.014343787518165
29.693730345479739
21.354650100493334
25.014343787518165
20.647355163727958
17.227074235807859
43.893101168172805
74.23566878980894
97.26660270440442
90.230769230769226
105.93514104393769
120.7555985623445
117.76684971009601
110.3428013546084
129.74979241627454
80.732851985559549
37.355827503100357
25.77181592514798
33.850978070275318
29.693730345479739
22.069989569058968
19.256387350366268
19.256387350366268
26.538093304554106
19.947976878612714
50.968051118210873
24.265551489806587
37.355827503100357
40.093300236293771
41.971516309210038
45.858648481091137
57.473781632599099
68
33.850978070275318
28.097560975609756
35.583004363183051
24.265551489806587
39.17025110852915
40.093300236293771
35.583004363183051
45.858648481091137
65.582129246291785
31.327564288422511
19.256387350366268
16.565363946298898
19.256387350366268
27.313300471403661
33
58.598037912423898
74.23566878980894
88.847362679482245
116.27586206896551
126.75000768923202
103.02178056084945
104.47573727760435
41.971516309210038
28.097560975609756
22.069989569058968
38.257790968836126
17.896063515654028
54.16955764179648
13.988790284913591
25.77181592514798
26.538093304554106
28.097560975609756
31.327564288422511
48.890510948905103
42.926848855036134
32.15889949466591
47.86867672532825
54.16955764179648
71.709146016333179
52.023832172146953
42.926848855036134
28.890997226892594
35.583004363183051
39.17025110852915
25.014343787518165
32.15889949466591
28.890997226892594
41.971516309210038
45.858648481091137
54.16955764179648
59.73370218907867
22.793501328992644
41.971516309210038
28.890997226892594
28.097560975609756
23.525312908649354
33
38.257790968836126
45.858648481091137
59.73370218907867
42.926848855036134
32.15889949466591
21.354650100493334
21.354650100493334
29.693730345479739
44.870345269487636
24.265551489806587
37.355827503100357
31.327564288422511
25.014343787518165
25.77181592514798
22.793501328992644
26.538093304554106
25.77181592514798
63.208893232347904
48.890510948905103
34.71194368651549
45.858648481091137
41.027027027027025
54.16955764179648
34.71194368651549
26.538093304554106
23.525312908649354
25.77181592514798
21.354650100493334
28.097560975609756
25.014343787518165
43.893101168172805
35.583004363183051
41.027027027027025
24.265551489806587
29.693730345479739
22.793501328992644
28.097560975609756
38.257790968836126
32.15889949466591
39.17025110852915
31.327564288422511
33
27.313300471403661
27.313300471403661
26.538093304554106
28.097560975609756
33
25.014343787518165
29.693730345479739
28.097560975609756
56.360946745562131
28.890997226892594
31.327564288422511
35.583004363183051
23.525312908649354
26.538093304554106
50.968051118210873
37.355827503100357
53.090993716546421
28.097560975609756
43.893101168172805
62.039162727886563
70.461905959265792
48.890510948905103
40.093300236293771
31.327564288422511
48.890510948905103
37.355827503100357
24.265551489806587
28.890997226892594
45.858648481091137
52.023832172146953
46.858073209072536
25.77181592514798
36.464264962231269
25.014343787518165
26.538093304554106
33
26.538093304554106
39.17025110852915
35.583004363183051
28.097560975609756
28.097560975609756
27.313300471403661
28.097560975609756
18.572458770910089
19.256387350366268
25.77181592514798
19.256387350366268
33.850978070275318
33.850978070275318
21.354650100493334
21.354650100493334
22.069989569058968
27.313300471403661
39.17025110852915
24.265551489806587
34.71194368651549
64.389899871770396
43.893101168172805
32.15889949466591
37.355827503100357
55.259539189789997
40.093300236293771
41.971516309210038
45.858648481091137
64.389899871770396
52.023832172146953
41.027027027027025
44.870345269487636
30.505880007972891
52.023832172146953
39.17025110852915
31.327564288422511
38.257790968836126
28.890997226892594
24.265551489806587
23.525312908649354
27.313300471403661
25.77181592514798
41.027027027027025
33.850978070275318
35.583004363183051
23.525312908649354
36.464264962231269
23.525312908649354
19.256387350366268
22.793501328992644
30.505880007972891
19.256387350366268
28.097560975609756
21.354650100493334
22.069989569058968
22.069989569058968
24.265551489806587
23.525312908649354
25.014343787518165
34.71194368651549
40.093300236293771
42.926848855036134
43.893101168172805
47.86867672532825
60.880753419136425
45.858648481091137
41.027027027027025
44.870345269487636
44.870345269487636
37.355827503100357
58.598037912423898
39.17025110852915
33.850978070275318
44.870345269487636
66.785519464418542
43.893101168172805
24.265551489806587
35.583004363183051
19.947976878612714
33
26.538093304554106
28.890997226892594
28.890997226892594
25.77181592514798
35.583004363183051
25.77181592514798
21.354650100493334
19.947976878612714
29.693730345479739
19.256387350366268
49.923622227303895
18.572458770910089
31.327564288422511
19.947976878612714
18.572458770910089
26.538093304554106
38.257790968836126
29.693730345479739
38.257790968836126
33
43.893101168172805
38.257790968836126
37.355827503100357
62.039162727886563
70.461905959265792
49.923622227303895
44.870345269487636
46.858073209072536
45.858648481091137
43.893101168172805
39.17025110852915
53.090993716546421
40.093300236293771
48.890510948905103
49.923622227303895
58.598037912423898
34.71194368651549
33.850978070275318
25.014343787518165
31.327564288422511
28.890997226892594
25.77181592514798
43.893101168172805
25.014343787518165
20.647355163727958
21.354650100493334
26.538093304554106
22.793501328992644
33
23.525312908649354
29.693730345479739
30.505880007972891
22.069989569058968
25.014343787518165
25.77181592514798
25.014343787518165
22.793501328992644
32.15889949466591
25.014343787518165
64.389899871770396
38.257790968836126
53.090993716546421
43.893101168172805
37.355827503100357
38.257790968836126
45.858648481091137
43.893101168172805
53.090993716546421
49.923622227303895
28.890997226892594
42.926848855036134
35.583004363183051
47.86867672532825
38.257790968836126
29.693730345479739
41.027027027027025
27.313300471403661
26.538093304554106
22.069989569058968
25.014343787518165
20.647355163727958
25.014343787518165
28.890997226892594
20.647355163727958
28.890997226892594
29.693730345479739
37.355827503100357
33
30.505880007972891
30.505880007972891
24.265551489806587
25.77181592514798
22.793501328992644
17.896063515654028
19.256387350366268
36.464264962231269
21.354650100493334
32.15889949466591
40.093300236293771
54.16955764179648
41.027027027027025
38.257790968836126
53.090993716546421
44.870345269487636
71.709146016333179
41.027027027027025
41.971516309210038
39.17025110852915
31.327564288422511
28.097560975609756
40.093300236293771
41.027027027027025
32.15889949466591
24.265551489806587
29.693730345479739
33.850978070275318
32.15889949466591
33.850978070275318
27.313300471403661
29.693730345479739
25.77181592514798
28.890997226892594
24.265551489806587
21.354650100493334
33
28.890997226892594
27.313300471403661
20.647355163727958
27.313300471403661
35.583004363183051
27.313300471403661
19.947976878612714
21.354650100493334
27.313300471403661
23.525312908649354
25.014343787518165
27.313300471403661
24.265551489806587
52.023832172146953
53.090993716546421
34.71194368651549
56.360946745562131
50.968051118210873
55.259539189789997
44.870345269487636
