101.5735849056604
107.39967150287436
101.5735849056604
110.3428013546084
111.8207313720099
103.02178056084945
108.86900228484387
111.8207313720099
107.39967150287436
107.39967150287436
101.5735849056604
98.695699215580191
108.86900228484387
103.02178056084945
104.47573727760435
100.1314576618369
110.3428013546084
111.8207313720099
114.78761061946904
117.76684971009601
110.3428013546084
100.1314576618369
114.78761061946904
110.3428013546084
103.02178056084945
98.695699215580191
98.695699215580191
97.26660270440442
97.26660270440442
84.748985490322028
91.622430516418007
95.844453748841133
97.26660270440442
93.022101912722732
104.47573727760435
101.5735849056604
111.8207313720099
97.26660270440442
100.1314576618369
94.429530201342274
128.24999231076799
116.27586206896551
120.7555985623445
116.27586206896551
117.76684971009601
122.2526354611673
114.78761061946904
120.7555985623445
114.78761061946904
120.7555985623445
125.25020758372546
110.3428013546084
117.76684971009601
120.7555985623445
117.76684971009601
113.30245006576334
120.7555985623445
120.7555985623445
113.30245006576334
128.24999231076799
125.25020758372546
120.7555985623445
123.75096079938508
117.76684971009601
119.26021551591811
122.2526354611673
119.26021551591811
113.30245006576334
108.86900228484387
116.27586206896551
111.8207313720099
120.7555985623445
114.78761061946904
116.27586206896551
122.2526354611673
119.26021551591811
122.2526354611673
125.25020758372546
128.24999231076799
119.26021551591811
125.25020758372546
134.24440143765554
128.24999231076799
123.75096079938508
116.27586206896551
120.7555985623445
128.24999231076799
122.2526354611673
110.3428013546084
120.7555985623445
116.27586206896551
113.30245006576334
116.27586206896551
119.26021551591811
123.75096079938508
126.75000768923202
117.76684971009601
122.2526354611673
123.75096079938508
123.75096079938508
126.75000768923202
122.2526354611673
122.2526354611673
122.2526354611673
126.75000768923202
131.2490392006149
122.2526354611673
126.75000768923202
117.76684971009601
119.26021551591811
122.2526354611673
114.78761061946904
119.26021551591811
126.75000768923202
132.7473645388327
129.74979241627454
135.73978448408189
132.7473645388327
129.74979241627454
117.76684971009601
132.7473645388327
132.7473645388327
132.7473645388327
134.24440143765554
138.72413793103448
138.72413793103448
138.72413793103448
132.7473645388327
128.24999231076799
126.75000768923202
129.74979241627454
120.7555985623445
122.2526354611673
125.25020758372546
135.73978448408189
123.75096079938508
126.75000768923202
134.24440143765554
138.72413793103448
134.24440143765554
135.73978448408189
123.75096079938508
123.75096079938508
131.2490392006149
132.7473645388327
138.72413793103448
135.73978448408189
135.73978448408189
126.75000768923202
132.7473645388327
123.75096079938508
125.25020758372546
132.7473645388327
147.60032849712564
141.69754993423666
143.17926862799007
146.13099771515613
135.73978448408189
141.69754993423666
132.7473645388327
140.21238938053096
143.17926862799007
128.24999231076799
141.69754993423666
137.23315028990396
147.60032849712564
138.72413793103448
144.65719864539159
144.65719864539159
141.69754993423666
141.69754993423666
134.24440143765554
138.72413793103448
137.23315028990396
143.17926862799007
132.7473645388327
140.21238938053096
141.69754993423666
134.24440143765554
134.24440143765554
144.65719864539159
147.60032849712564
138.72413793103448
132.7473645388327
141.69754993423666
149.0648589560623
141.69754993423666
140.21238938053096
126.75000768923202
132.7473645388327
131.2490392006149
138.72413793103448
138.72413793103448
144.65719864539159
143.17926862799007
147.60032849712564
143.17926862799007
146.13099771515613
153.4264150943396
141.69754993423666
167.52755326965467
149.0648589560623
141.69754993423666
147.60032849712564
149.0648589560623
153.4264150943396
143.17926862799007
138.72413793103448
147.60032849712564
149.0648589560623
149.0648589560623
141.69754993423666
146.13099771515613
138.72413793103448
150.52426272239566
144.65719864539159
146.13099771515613
140.21238938053096
108.86900228484387
90.230769230769226
88.847362679482245
111.8207313720099
128.24999231076799
140.21238938053096
146.13099771515613
138.72413793103448
147.60032849712564
138.72413793103448
129.74979241627454
147.60032849712564
150.52426272239566
138.72413793103448
140.21238938053096
150.52426272239566
151.97821943915056
157.73339729559561
144.65719864539159
149.0648589560623
157.73339729559561
149.0648589560623
156.30430078441981
146.13099771515613
160.57046979865771
150.52426272239566
146.13099771515613
150.52426272239566
149.0648589560623
147.60032849712564
151.97821943915056
153.4264150943396
159.15554625115891
151.97821943915056
150.52426272239566
154.86854233816308
151.97821943915056
144.65719864539159
75.514711317053766
46.858073209072536
35.583004363183051
33
24.265551489806587
17.896063515654028
28.097560975609756
79.413326811865247
143.17926862799007
151.97821943915056
154.86854233816308
147.60032849712564
146.13099771515613
150.52426272239566
147.60032849712564
154.86854233816308
153.4264150943396
156.30430078441981
157.73339729559561
159.15554625115891
154.86854233816308
154.86854233816308
161.97789808727728
159.15554625115891
159.15554625115891
157.73339729559561
153.4264150943396
166.15263732051775
161.97789808727728
164.76923076923075
153.4264150943396
163.37756948358199
157.73339729559561
157.73339729559561
157.73339729559561
156.30430078441981
164.76923076923075
161.97789808727728
163.37756948358199
70.461905959265792
59.73370218907867
76.804098992378627
59.73370218907867
41.027027027027025
28.890997226892594
25.014343787518165
15.263274714017415
11.518669492907225
43.893101168172805
146.13099771515613
157.73339729559561
153.4264150943396
138.72413793103448
150.52426272239566
153.4264150943396
157.73339729559561
167.52755326965467
170.25101450967801
159.15554625115891
163.37756948358199
157.73339729559561
160.57046979865771
163.37756948358199
157.73339729559561
146.13099771515613
164.76923076923075
172.93790764414297
175.58667318813474
170.25101450967801
161.97789808727728
164.76923076923075
154.86854233816308
170.25101450967801
168.89375164777223
166.15263732051775
163.37756948358199
170.25101450967801
172.93790764414297
105.93514104393769
97.26660270440442
164.76923076923075
183.29085398366681
164.76923076923075
116.27586206896551
53.090993716546421
26.538093304554106
15.263274714017415
11.518669492907225
8.5688690590306233
76.804098992378627
154.86854233816308
164.76923076923075
170.25101450967801
161.97789808727728
161.97789808727728
166.15263732051775
172.93790764414297
168.89375164777223
170.25101450967801
164.76923076923075
167.52755326965467
154.86854233816308
175.58667318813474
154.86854233816308
151.97821943915056
166.15263732051775
170.25101450967801
168.89375164777223
178.19590100762136
175.58667318813474
167.52755326965467
172.93790764414297
178.19590100762136
168.89375164777223
171.59913304046785
176.89631158111942
179.48528868294625
150.52426272239566
68
188.21448053558143
211.10689883182721
206.1094890510949
204.03194888178913
183.29085398366681
117.76684971009601
40.093300236293771
20.647355163727958
12.126649991784271
7.4288141119137912
8.5688690590306233
137.23315028990396
167.52755326965467
159.15554625115891
172.93790764414297
171.59913304046785
180.7643312101911
168.89375164777223
176.89631158111942
179.48528868294625
161.97789808727728
159.15554625115891
167.52755326965467
166.15263732051775
167.52755326965467
175.58667318813474
179.48528868294625
172.93790764414297
174.26714801444041
190.61010012822965
185.77450844063739
188.21448053558143
184.53809404073419
180.7643312101911
178.19590100762136
184.53809404073419
168.89375164777223
179.48528868294625
84.748985490322028
91.622430516418007
190.61010012822965
201.90900628345358
210.12965473051236
201.90900628345358
184.53809404073419
131.2490392006149
76.804098992378627
28.890997226892594
11.518669492907225
19.947976878612714
9.1472081218274113
84.748985490322028
147.60032849712564
154.86854233816308
161.97789808727728
172.93790764414297
172.93790764414297
178.19590100762136
174.26714801444041
184.53809404073419
180.7643312101911
174.26714801444041
171.59913304046785
183.29085398366681
170.25101450967801
147.60032849712564
161.97789808727728
161.97789808727728
144.65719864539159
182.03289455139952
188.21448053558143
188.21448053558143
191.79110676765208
182.03289455139952
182.03289455139952
188.21448053558143
183.29085398366681
157.73339729559561
28.890997226892594
113.30245006576334
180.7643312101911
194.11924658086357
192.96083727211339
200.83044235820353
174.26714801444041
144.65719864539159
120.7555985623445
63.208893232347904
13.361588519939929
11.518669492907225
7.9961089494163424
27.313300471403661
108.86900228484387
117.76684971009601
125.25020758372546
159.15554625115891
159.15554625115891
178.19590100762136
185.77450844063739
179.48528868294625
184.53809404073419
179.48528868294625
172.93790764414297
186.99999999999997
171.59913304046785
104.47573727760435
114.78761061946904
122.2526354611673
120.7555985623445
141.69754993423666
153.4264150943396
141.69754993423666
156.30430078441981
175.58667318813474
194.11924658086357
196.40196208757609
200.83044235820353
129.74979241627454
18.572458770910089
125.25020758372546
171.59913304046785
190.61010012822965
192.96083727211339
156.30430078441981
137.23315028990396
144.65719864539159
113.30245006576334
60.880753419136425
13.988790284913591
12.740915864809669
11.518669492907225
8.5688690590306233
75.514711317053766
87.472446730345325
110.3428013546084
131.2490392006149
132.7473645388327
163.37756948358199
180.7643312101911
185.77450844063739
195.26629781092132
170.25101450967801
150.52426272239566
151.97821943915056
125.25020758372546
65.582129246291785
91.622430516418007
105.93514104393769
104.47573727760435
113.30245006576334
101.5735849056604
104.47573727760435
105.93514104393769
125.25020758372546
171.59913304046785
197.5262183674009
180.7643312101911
84.748985490322028
41.971516309210038
65.582129246291785
88.847362679482245
104.47573727760435
160.57046979865771
74.23566878980894
108.86900228484387
59.73370218907867
50.968051118210873
66.785519464418542
20.647355163727958
11.518669492907225
11.518669492907225
10.916853932584269
59.73370218907867
70.461905959265792
103.02178056084945
113.30245006576334
98.695699215580191
143.17926862799007
189.41787075370823
186.99999999999997
190.61010012822965
175.58667318813474
156.30430078441981
160.57046979865771
128.24999231076799
55.259539189789997
90.230769230769226
101.5735849056604
105.93514104393769
107.39967150287436
104.47573727760435
82.062092355857018
90.230769230769226
104.47573727760435
159.15554625115891
125.25020758372546
135.73978448408189
75.514711317053766
17.227074235807859
125.25020758372546
160.57046979865771
159.15554625115891
166.15263732051775
134.24440143765554
166.15263732051775
150.52426272239566
159.15554625115891
90.230769230769226
16.565363946298898
15.263274714017415
27.313300471403661
9.1472081218274113
52.023832172146953
72.967105448600506
88.847362679482245
87.472446730345325
91.622430516418007
111.8207313720099
186.99999999999997
182.03289455139952
178.19590100762136
167.52755326965467
144.65719864539159
153.4264150943396
132.7473645388327
75.514711317053766
76.804098992378627
86.106248352227794
103.02178056084945
80.732851985559549
79.413326811865247
76.804098992378627
72.967105448600506
69.225491559362581
72.967105448600506
78.103688418880566
78.103688418880566
55.259539189789997
14.622644351149349
134.24440143765554
200.83044235820353
189.41787075370823
178.19590100762136
164.76923076923075
200.83044235820353
205.07637777269611
150.52426272239566
65.582129246291785
19.256387350366268
17.896063515654028
25.014343787518165
11.518669492907225
76.804098992378627
86.106248352227794
94.429530201342274
93.022101912722732
80.732851985559549
93.022101912722732
153.4264150943396
171.59913304046785
159.15554625115891
157.73339729559561
147.60032849712564
146.13099771515613
117.76684971009601
72.967105448600506
47.86867672532825
66.785519464418542
76.804098992378627
83.400866959532195
90.230769230769226
76.804098992378627
64.389899871770396
65.582129246291785
68
60.880753419136425
47.86867672532825
28.097560975609756
18.572458770910089
97.26660270440442
182.03289455139952
178.19590100762136
179.48528868294625
134.24440143765554
185.77450844063739
172.93790764414297
110.3428013546084
43.893101168172805
36.464264962231269
15.263274714017415
7.4288141119137912
30.505880007972891
35.583004363183051
82.062092355857018
95.844453748841133
97.26660270440442
107.39967150287436
119.26021551591811
143.17926862799007
141.69754993423666
129.74979241627454
110.3428013546084
122.2526354611673
120.7555985623445
90.230769230769226
53.090993716546421
48.890510948905103
59.73370218907867
64.389899871770396
68
69.225491559362581
80.732851985559549
66.785519464418542
64.389899871770396
63.208893232347904
59.73370218907867
41.027027027027025
21.354650100493334
14.622644351149349
63.208893232347904
151.97821943915056
171.59913304046785
82.062092355857018
95.844453748841133
172.93790764414297
138.72413793103448
79.413326811865247
40.093300236293771
10.916853932584269
28.097560975609756
16.565363946298898
11.518669492907225
36.464264962231269
46.858073209072536
58.598037912423898
58.598037912423898
64.389899871770396
74.23566878980894
76.804098992378627
80.732851985559549
101.5735849056604
79.413326811865247
72.967105448600506
72.967105448600506
90.230769230769226
48.890510948905103
52.023832172146953
63.208893232347904
65.582129246291785
60.880753419136425
70.461905959265792
63.208893232347904
65.582129246291785
69.225491559362581
55.259539189789997
58.598037912423898
47.86867672532825
24.265551489806587
41.027027027027025
41.971516309210038
117.76684971009601
151.97821943915056
122.2526354611673
86.106248352227794
114.78761061946904
128.24999231076799
78.103688418880566
30.505880007972891
33
9.7312410387127599
12.740915864809669
50.968051118210873
52.023832172146953
52.023832172146953
66.785519464418542
69.225491559362581
65.582129246291785
68
71.709146016333179
86.106248352227794
95.844453748841133
86.106248352227794
68
69.225491559362581
94.429530201342274
42.926848855036134
45.858648481091137
68
66.785519464418542
76.804098992378627
74.23566878980894
55.259539189789997
62.039162727886563
52.023832172146953
62.039162727886563
57.473781632599099
60.880753419136425
32.15889949466591
15.263274714017415
12.740915864809669
74.23566878980894
164.76923076923075
140.21238938053096
125.25020758372546
120.7555985623445
94.429530201342274
46.858073209072536
30.505880007972891
14.622644351149349
9.7312410387127599
6.866872116186812
25.014343787518165
29.693730345479739
53.090993716546421
60.880753419136425
66.785519464418542
70.461905959265792
74.23566878980894
71.709146016333179
69.225491559362581
63.208893232347904
75.514711317053766
80.732851985559549
69.225491559362581
80.732851985559549
46.858073209072536
50.968051118210873
47.86867672532825
56.360946745562131
62.039162727886563
62.039162727886563
56.360946745562131
56.360946745562131
72.967105448600506
72.967105448600506
78.103688418880566
83.400866959532195
41.027027027027025
16.565363946298898
15.910806109380079
21.354650100493334
90.230769230769226
180.7643312101911
138.72413793103448
82.062092355857018
46.858073209072536
34.71194368651549
19.256387350366268
13.988790284913591
7.4288141119137912
15.910806109380079
12.740915864809669
24.265551489806587
60.880753419136425
69.225491559362581
87.472446730345325
72.967105448600506
69.225491559362581
78.103688418880566
71.709146016333179
75.514711317053766
70.461905959265792
71.709146016333179
71.709146016333179
69.225491559362581
35.583004363183051
46.858073209072536
44.870345269487636
45.858648481091137
63.208893232347904
65.582129246291785
59.73370218907867
62.039162727886563
69.225491559362581
76.804098992378627
94.429530201342274
94.429530201342274
44.870345269487636
21.354650100493334
28.097560975609756
15.910806109380079
20.647355163727958
58.598037912423898
54.16955764179648
34.71194368651549
30.505880007972891
36.464264962231269
41.971516309210038
17.896063515654028
31.327564288422511
12.126649991784271
19.256387350366268
42.926848855036134
60.880753419136425
66.785519464418542
65.582129246291785
66.785519464418542
53.090993716546421
64.389899871770396
59.73370218907867
63.208893232347904
72.967105448600506
87.472446730345325
83.400866959532195
70.461905959265792
36.464264962231269
44.870345269487636
42.926848855036134
56.360946745562131
63.208893232347904
72.967105448600506
74.23566878980894
93.022101912722732
97.26660270440442
93.022101912722732
122.2526354611673
104.47573727760435
74.23566878980894
24.265551489806587
13.361588519939929
12.740915864809669
15.263274714017415
37.355827503100357
78.103688418880566
50.968051118210873
50.968051118210873
45.858648481091137
54.16955764179648
37.355827503100357
12.126649991784271
13.361588519939929
16.565363946298898
10.916853932584269
40.093300236293771
69.225491559362581
76.804098992378627
75.514711317053766
71.709146016333179
56.360946745562131
69.225491559362581
63.208893232347904
76.804098992378627
68
80.732851985559549
76.804098992378627
46.858073209072536
48.890510948905103
53.090993716546421
49.923622227303895
58.598037912423898
76.804098992378627
86.106248352227794
86.106248352227794
88.847362679482245
93.022101912722732
97.26660270440442
88.847362679482245
58.598037912423898
25.77181592514798
13.988790284913591
17.227074235807859
43.893101168172805
27.313300471403661
134.24440143765554
108.86900228484387
90.230769230769226
82.062092355857018
110.3428013546084
60.880753419136425
19.947976878612714
17.896063515654028
17.227074235807859
14.622644351149349
30.505880007972891
57.473781632599099
78.103688418880566
82.062092355857018
95.844453748841133
91.622430516418007
104.47573727760435
101.5735849056604
97.26660270440442
87.472446730345325
80.732851985559549
87.472446730345325
55.259539189789997
75.514711317053766
79.413326811865247
82.062092355857018
86.106248352227794
88.847362679482245
71.709146016333179
64.389899871770396
55.259539189789997
44.870345269487636
60.880753419136425
44.870345269487636
40.093300236293771
52.023832172146953
33
26.538093304554106
60.880753419136425
105.93514104393769
141.69754993423666
157.73339729559561
153.4264150943396
146.13099771515613
151.97821943915056
108.86900228484387
28.097560975609756
19.947976878612714
53.090993716546421
28.097560975609756
12.740915864809669
22.069989569058968
34.71194368651549
46.858073209072536
52.023832172146953
60.880753419136425
128.24999231076799
98.695699215580191
100.1314576618369
98.695699215580191
71.709146016333179
74.23566878980894
50.968051118210873
71.709146016333179
76.804098992378627
75.514711317053766
76.804098992378627
69.225491559362581
58.598037912423898
69.225491559362581
41.971516309210038
32.15889949466591
45.858648481091137
48.890510948905103
13.988790284913591
12.126649991784271
28.890997226892594
60.880753419136425
132.7473645388327
192.96083727211339
197.5262183674009
189.41787075370823
186.99999999999997
189.41787075370823
183.29085398366681
146.13099771515613
56.360946745562131
42.926848855036134
40.093300236293771
24.265551489806587
15.910806109380079
26.538093304554106
62.039162727886563
94.429530201342274
119.26021551591811
132.7473645388327
123.75096079938508
94.429530201342274
93.022101912722732
83.400866959532195
87.472446730345325
68
49.923622227303895
56.360946745562131
45.858648481091137
69.225491559362581
66.785519464418542
65.582129246291785
83.400866959532195
72.967105448600506
33
37.355827503100357
29.693730345479739
49.923622227303895
14.622644351149349
17.896063515654028
41.971516309210038
146.13099771515613
199.74046081021004
208.14192679092744
213.97297297297294
198.63905325443787
201.90900628345358
211.10689883182721
191.79110676765208
154.86854233816308
53.090993716546421
40.093300236293771
34.71194368651549
17.227074235807859
19.947976878612714
18.572458770910089
28.097560975609756
49.923622227303895
128.24999231076799
134.24440143765554
119.26021551591811
103.02178056084945
100.1314576618369
101.5735849056604
79.413326811865247
75.514711317053766
57.473781632599099
64.389899871770396
56.360946745562131
68
87.472446730345325
87.472446730345325
97.26660270440442
70.461905959265792
49.923622227303895
48.890510948905103
40.093300236293771
28.890997226892594
22.069989569058968
29.693730345479739
79.413326811865247
199.74046081021004
214.9066997637062
222.00000000000003
214.9066997637062
207.13132327467173
213.0284836907899
207.13132327467173
197.5262183674009
146.13099771515613
49.923622227303895
32.15889949466591
33
22.069989569058968
38.257790968836126
29.693730345479739
24.265551489806587
44.870345269487636
75.514711317053766
103.02178056084945
114.78761061946904
97.26660270440442
119.26021551591811
110.3428013546084
116.27586206896551
79.413326811865247
60.880753419136425
46.858073209072536
56.360946745562131
74.23566878980894
95.844453748841133
114.78761061946904
107.39967150287436
79.413326811865247
64.389899871770396
53.090993716546421
15.910806109380079
15.910806109380079
15.910806109380079
75.514711317053766
140.21238938053096
204.03194888178913
215.82974889147087
215.82974889147087
218.53573503776872
215.82974889147087
216.74220903116387
206.1094890510949
196.40196208757609
135.73978448408189
57.473781632599099
40.093300236293771
40.093300236293771
71.709146016333179
75.514711317053766
69.225491559362581
37.355827503100357
12.126649991784271
39.17025110852915
70.461905959265792
103.02178056084945
134.24440143765554
132.7473645388327
144.65719864539159
146.13099771515613
114.78761061946904
50.968051118210873
56.360946745562131
66.785519464418542
58.598037912423898
43.893101168172805
56.360946745562131
97.26660270440442
84.748985490322028
83.400866959532195
31.327564288422511
25.77181592514798
18.572458770910089
30.505880007972891
149.0648589560623
199.74046081021004
214.9066997637062
217.64417249689961
216.74220903116387
225.30626965452026
230.73444851019346
215.82974889147087
216.74220903116387
198.63905325443787
126.75000768923202
71.709146016333179
53.090993716546421
107.39967150287436
122.2526354611673
93.022101912722732
66.785519464418542
37.355827503100357
52.023832172146953
15.910806109380079
15.263274714017415
31.327564288422511
57.473781632599099
58.598037912423898
111.8207313720099
126.75000768923202
119.26021551591811
56.360946745562131
55.259539189789997
56.360946745562131
55.259539189789997
70.461905959265792
57.473781632599099
72.967105448600506
74.23566878980894
80.732851985559549
13.988790284913591
17.896063515654028
15.263274714017415
36.464264962231269
146.13099771515613
209.14135151890886
219.41699563681692
206.1094890510949
223.67243571157749
225.30626965452026
221.14902192972468
219.41699563681692
223.67243571157749
202.97616782785306
146.13099771515613
80.732851985559549
95.844453748841133
70.461905959265792
31.327564288422511
19.947976878612714
12.740915864809669
15.263274714017415
10.32108389674795
37.355827503100357
12.126649991784271
36.464264962231269
43.893101168172805
42.926848855036134
68
125.25020758372546
126.75000768923202
38.257790968836126
55.259539189789997
71.709146016333179
71.709146016333179
76.804098992378627
94.429530201342274
101.5735849056604
82.062092355857018
56.360946745562131
24.265551489806587
18.572458770910089
19.256387350366268
41.027027027027025
71.709146016333179
113.30245006576334
171.59913304046785
189.41787075370823
215.82974889147087
225.30626965452026
226.10900277310739
220.28805631348447
215.82974889147087
134.24440143765554
86.106248352227794
41.027027027027025
37.355827503100357
17.227074235807859
46.858073209072536
9.7312410387127599
15.910806109380079
17.227074235807859
13.988790284913591
21.354650100493334
37.355827503100357
32.15889949466591
38.257790968836126
54.16955764179648
60.880753419136425
79.413326811865247
66.785519464418542
33.850978070275318
52.023832172146953
69.225491559362581
93.022101912722732
60.880753419136425
82.062092355857018
63.208893232347904
40.093300236293771
40.093300236293771
41.971516309210038
56.360946745562131
36.464264962231269
75.514711317053766
54.16955764179648
58.598037912423898
56.360946745562131
82.062092355857018
105.93514104393769
125.25020758372546
149.0648589560623
135.73978448408189
103.02178056084945
57.473781632599099
44.870345269487636
25.014343787518165
38.257790968836126
25.014343787518165
43.893101168172805
35.583004363183051
23.525312908649354
12.126649991784271
15.263274714017415
12.126649991784271
15.263274714017415
47.86867672532825
38.257790968836126
44.870345269487636
46.858073209072536
56.360946745562131
48.890510948905103
26.538093304554106
28.097560975609756
44.870345269487636
62.039162727886563
74.23566878980894
76.804098992378627
86.106248352227794
40.093300236293771
28.890997226892594
25.77181592514798
19.256387350366268
43.893101168172805
36.464264962231269
40.093300236293771
52.023832172146953
74.23566878980894
79.413326811865247
70.461905959265792
76.804098992378627
53.090993716546421
63.208893232347904
57.473781632599099
36.464264962231269
25.77181592514798
17.896063515654028
26.538093304554106
41.971516309210038
65.582129246291785
36.464264962231269
34.71194368651549
29.693730345479739
23.525312908649354
15.910806109380079
38.257790968836126
25.014343787518165
42.926848855036134
34.71194368651549
45.858648481091137
65.582129246291785
64.389899871770396
39.17025110852915
28.890997226892594
37.355827503100357
64.389899871770396
54.16955764179648
45.858648481091137
45.858648481091137
33.850978070275318
47.86867672532825
34.71194368651549
24.265551489806587
45.858648481091137
29.693730345479739
34.71194368651549
41.971516309210038
52.023832172146953
76.804098992378627
65.582129246291785
46.858073209072536
49.923622227303895
50.968051118210873
31.327564288422511
10.916853932584269
12.126649991784271
19.947976878612714
26.538093304554106
39.17025110852915
41.027027027027025
43.893101168172805
50.968051118210873
31.327564288422511
28.890997226892594
30.505880007972891
10.916853932584269
21.354650100493334
45.858648481091137
58.598037912423898
52.023832172146953
38.257790968836126
55.259539189789997
37.355827503100357
45.858648481091137
76.804098992378627
105.93514104393769
90.230769230769226
82.062092355857018
53.090993716546421
23.525312908649354
39.17025110852915
28.890997226892594
23.525312908649354
32.15889949466591
30.505880007972891
25.77181592514798
23.525312908649354
35.583004363183051
42.926848855036134
56.360946745562131
46.858073209072536
56.360946745562131
33.850978070275318
32.15889949466591
13.361588519939929
13.988790284913591
19.947976878612714
28.890997226892594
24.265551489806587
37.355827503100357
53.090993716546421
46.858073209072536
33.850978070275318
19.947976878612714
12.740915864809669
15.263274714017415
28.890997226892594
31.327564288422511
29.693730345479739
44.870345269487636
40.093300236293771
52.023832172146953
49.923622227303895
76.804098992378627
111.8207313720099
110.3428013546084
113.30245006576334
132.7473645388327
36.464264962231269
25.77181592514798
33.850978070275318
55.259539189789997
34.71194368651549
19.256387350366268
38.257790968836126
18.572458770910089
30.505880007972891
33.850978070275318
33
37.355827503100357
41.971516309210038
42.926848855036134
28.097560975609756
16.565363946298898
15.263274714017415
21.354650100493334
13.988790284913591
45.858648481091137
25.77181592514798
43.893101168172805
44.870345269487636
30.505880007972891
19.947976878612714
28.097560975609756
14.622644351149349
22.793501328992644
28.097560975609756
37.355827503100357
37.355827503100357
54.16955764179648
68
66.785519464418542
66.785519464418542
80.732851985559549
83.400866959532195
91.622430516418007
91.622430516418007
70.461905959265792
43.893101168172805
33.850978070275318
41.027027027027025
41.971516309210038
52.023832172146953
28.890997226892594
25.77181592514798
25.014343787518165
28.890997226892594
29.693730345479739
23.525312908649354
55.259539189789997
35.583004363183051
25.014343787518165
19.947976878612714
15.910806109380079
13.988790284913591
26.538093304554106
12.740915864809669
24.265551489806587
36.464264962231269
25.77181592514798
28.097560975609756
16.565363946298898
10.916853932584269
9.7312410387127599
17.896063515654028
13.361588519939929
46.858073209072536
29.693730345479739
42.926848855036134
50.968051118210873
53.090993716546421
52.023832172146953
45.858648481091137
41.971516309210038
59.73370218907867
66.785519464418542
31.327564288422511
35.583004363183051
26.538093304554106
42.926848855036134
39.17025110852915
25.014343787518165
33
19.947976878612714
19.256387350366268
21.354650100493334
19.256387350366268
19.256387350366268
25.77181592514798
34.71194368651549
31.327564288422511
33
21.354650100493334
28.890997226892594
25.014343787518165
22.793501328992644
22.069989569058968
18.572458770910089
31.327564288422511
17.227074235807859
9.7312410387127599
7.9961089494163424
26.538093304554106
12.740915864809669
21.354650100493334
28.097560975609756
43.893101168172805
30.505880007972891
26.538093304554106
41.971516309210038
37.355827503100357
64.389899871770396
44.870345269487636
43.893101168172805
56.360946745562131
36.464264962231269
24.265551489806587
31.327564288422511
31.327564288422511
34.71194368651549
31.327564288422511
28.097560975609756
25.77181592514798
25.014343787518165
26.538093304554106
19.256387350366268
26.538093304554106
20.647355163727958
29.693730345479739
32.15889949466591
24.265551489806587
25.014343787518165
19.256387350366268
19.256387350366268
15.910806109380079
14.622644351149349
29.693730345479739
22.793501328992644
17.227074235807859
7.4288141119137912
13.988790284913591
13.361588519939929
15.263274714017415
18.572458770910089
12.126649991784271
37.355827503100357
40.093300236293771
20.647355163727958
41.027027027027025
39.17025110852915
49.923622227303895
46.858073209072536
