22 1 23
23 1 2
23 2 24
24 2 3
24 3 25
25 3 4
25 4 26
26 4 5
26 5 27
27 5 6
27 6 28
28 6 7
28 7 29
29 7 8
29 8 30
30 8 9
30 9 31
31 9 10
31 10 32
32 10 11
32 11 33
33 11 12
33 12 34
34 12 13
34 13 35
35 13 14
35 14 36
36 14 15
36 15 37
37 15 16
37 16 38
38 16 17
38 17 39
39 17 18
39 18 40
40 18 19
40 19 41
41 19 20
41 20 42
42 20 21
43 22 23
43 23 44
44 23 24
44 24 45
45 24 25
45 25 46
46 25 26
46 26 47
47 26 27
47 27 48
48 27 28
48 28 49
49 28 29
49 29 50
50 29 30
50 30 51
51 30 31
51 31 52
52 31 32
52 32 53
53 32 33
53 33 54
54 33 34
54 34 55
55 34 35
55 35 56
56 35 36
56 36 57
57 36 37
57 37 58
58 37 38
58 38 59
59 38 39
59 39 60
60 39 40
60 40 61
61 40 41
61 41 62
62 41 42
62 42 63
64 43 65
65 43 44
65 44 66
66 44 45
66 45 67
67 45 46
67 46 68
68 46 47
68 47 69
69 47 48
69 48 70
70 48 49
70 49 71
71 49 50
71 50 72
72 50 51
72 51 73
73 51 52
73 52 74
74 52 53
74 53 75
75 53 54
75 54 76
76 54 55
76 55 77
77 55 56
77 56 78
78 56 57
78 57 79
79 57 58
79 58 80
80 58 59
80 59 81
81 59 60
81 60 82
82 60 61
82 61 83
83 61 62
83 62 84
84 62 63
85 64 65
85 65 86
86 65 66
86 66 87
87 66 67
87 67 88
88 67 68
88 68 89
89 68 69
89 69 90
90 69 70
90 70 91
91 70 71
91 71 92
92 71 72
92 72 93
93 72 73
93 73 94
94 73 74
94 74 95
95 74 75
95 75 96
96 75 76
96 76 97
97 76 77
97 77 98
98 77 78
98 78 99
99 78 79
99 79 100
100 79 80
100 80 101
101 80 81
101 81 102
102 81 82
102 82 103
103 82 83
103 83 104
104 83 84
104 84 105
106 85 107
107 85 86
107 86 108
108 86 87
108 87 109
109 87 88
109 88 110
110 88 89
110 89 111
111 89 90
111 90 112
112 90 91
112 91 113
113 91 92
113 92 114
114 92 93
114 93 115
115 93 94
115 94 116
116 94 95
116 95 117
117 95 96
117 96 118
118 96 97
118 97 119
119 97 98
119 98 120
120 98 99
120 99 121
121 99 100
121 100 122
122 100 101
122 101 123
123 101 102
123 102 124
124 102 103
124 103 125
125 103 104
125 104 126
126 104 105
127 106 107
127 107 128
128 107 108
128 108 129
129 108 109
129 109 130
130 109 110
130 110 131
131 110 111
131 111 132
132 111 112
132 112 133
133 112 113
133 113 134
134 113 114
134 114 135
135 114 115
135 115 136
136 115 116
136 116 137
137 116 117
137 117 138
138 117 118
138 118 139
139 118 119
139 119 140
140 119 120
140 120 141
141 120 121
141 121 142
142 121 122
142 122 143
143 122 123
143 123 144
144 123 124
144 124 145
145 124 125
145 125 146
146 125 126
146 126 147
148 127 149
149 127 128
149 128 150
150 128 129
150 129 151
151 129 130
151 130 152
152 130 131
152 131 153
153 131 132
153 132 154
154 132 133
154 133 155
155 133 134
155 134 156
156 134 135
156 135 157
157 135 136
157 136 158
158 136 137
158 137 159
159 137 138
159 138 160
160 138 139
160 139 161
161 139 140
161 140 162
162 140 141
162 141 163
163 141 142
163 142 164
164 142 143
164 143 165
165 143 144
165 144 166
166 144 145
166 145 167
167 145 146
167 146 168
168 146 147
169 148 149
169 149 170
170 149 150
170 150 171
171 150 151
171 151 172
172 151 152
172 152 173
173 152 153
173 153 174
174 153 154
174 154 175
175 154 155
175 155 176
176 155 156
176 156 177
177 156 157
177 157 178
178 157 158
178 158 179
179 158 159
179 159 180
180 159 160
180 160 181
181 160 161
181 161 182
182 161 162
182 162 183
183 162 163
183 163 184
184 163 164
184 164 185
185 164 165
185 165 186
186 165 166
186 166 187
187 166 167
187 167 188
188 167 168
188 168 189
190 169 191
191 169 170
191 170 192
192 170 171
192 171 193
193 171 172
193 172 194
194 172 173
194 173 195
195 173 174
195 174 196
196 174 175
196 175 197
197 175 176
197 176 198
198 176 177
198 177 199
199 177 178
199 178 200
200 178 179
200 179 201
201 179 180
201 180 202
202 180 181
202 181 203
203 181 182
203 182 204
204 182 183
204 183 205
205 183 184
205 184 206
206 184 185
206 185 207
207 185 186
207 186 208
208 186 187
208 187 209
209 187 188
209 188 210
210 188 189
211 190 191
211 191 212
212 191 192
212 192 213
213 192 193
213 193 214
214 193 194
214 194 215
215 194 195
215 195 216
216 195 196
216 196 217
217 196 197
217 197 218
218 197 198
218 198 219
219 198 199
219 199 220
220 199 200
220 200 221
221 200 201
221 201 222
222 201 202
222 202 223
223 202 203
223 203 224
224 203 204
224 204 225
225 204 205
225 205 226
226 205 206
226 206 227
227 206 207
227 207 228
228 207 208
228 208 229
229 208 209
229 209 230
230 209 210
230 210 231
232 211 233
233 211 212
233 212 234
234 212 213
234 213 235
235 213 214
235 214 236
236 214 215
236 215 237
237 215 216
237 216 238
238 216 217
238 217 239
239 217 218
239 218 240
240 218 219
240 219 241
241 219 220
241 220 242
242 220 221
242 221 243
243 221 222
243 222 244
244 222 223
244 223 245
245 223 224
245 224 246
246 224 225
246 225 247
247 225 226
247 226 248
248 226 227
248 227 249
249 227 228
249 228 250
250 228 229
250 229 251
251 229 230
251 230 252
252 230 231
253 232 233
253 233 254
254 233 234
254 234 255
255 234 235
255 235 256
256 235 236
256 236 257
257 236 237
257 237 258
258 237 238
258 238 259
259 238 239
259 239 260
260 239 240
260 240 261
261 240 241
261 241 262
262 241 242
262 242 263
263 242 243
263 243 264
264 243 244
264 244 265
265 244 245
265 245 266
266 245 246
266 246 267
267 246 247
267 247 268
268 247 248
268 248 269
269 248 249
269 249 270
270 249 250
270 250 271
271 250 251
271 251 272
272 251 252
272 252 273
274 253 275
275 253 254
275 254 276
276 254 255
276 255 277
277 255 256
277 256 278
278 256 257
278 257 279
279 257 258
279 258 280
280 258 259
280 259 281
281 259 260
281 260 282
282 260 261
282 261 283
283 261 262
283 262 284
284 262 263
284 263 285
285 263 264
285 264 286
286 264 265
286 265 287
287 265 266
287 266 288
288 266 267
288 267 289
289 267 268
289 268 290
290 268 269
290 269 291
291 269 270
291 270 292
292 270 271
292 271 293
293 271 272
293 272 294
294 272 273
295 274 275
295 275 296
296 275 276
296 276 297
297 276 277
297 277 298
298 277 278
298 278 299
299 278 279
299 279 300
300 279 280
300 280 301
301 280 281
301 281 302
302 281 282
302 282 303
303 282 283
303 283 304
304 283 284
304 284 305
305 284 285
305 285 306
306 285 286
306 286 307
307 286 287
307 287 308
308 287 288
308 288 309
309 288 289
309 289 310
310 289 290
310 290 311
311 290 291
311 291 312
312 291 292
312 292 313
313 292 293
313 293 314
314 293 294
314 294 315
316 295 317
317 295 296
317 296 318
318 296 297
318 297 319
319 297 298
319 298 320
320 298 299
320 299 321
321 299 300
321 300 322
322 300 301
322 301 323
323 301 302
323 302 324
324 302 303
324 303 325
325 303 304
325 304 326
326 304 305
326 305 327
327 305 306
327 306 328
328 306 307
328 307 329
329 307 308
329 308 330
330 308 309
330 309 331
331 309 310
331 310 332
332 310 311
332 311 333
333 311 312
333 312 334
334 312 313
334 313 335
335 313 314
335 314 336
336 314 315
337 316 317
337 317 338
338 317 318
338 318 339
339 318 319
339 319 340
340 319 320
340 320 341
341 320 321
341 321 342
342 321 322
342 322 343
343 322 323
343 323 344
344 323 324
344 324 345
345 324 325
345 325 346
346 325 326
346 326 347
347 326 327
347 327 348
348 327 328
348 328 349
349 328 329
349 329 350
350 329 330
350 330 351
351 330 331
351 331 352
352 331 332
352 332 353
353 332 333
353 333 354
354 333 334
354 334 355
355 334 335
355 335 356
356 335 336
356 336 357
358 337 359
359 337 338
359 338 360
360 338 339
360 339 361
361 339 340
361 340 362
362 340 341
362 341 363
363 341 342
363 342 364
364 342 343
364 343 365
365 343 344
365 344 366
366 344 345
366 345 367
367 345 346
367 346 368
368 346 347
368 347 369
369 347 348
369 348 370
370 348 349
370 349 371
371 349 350
371 350 372
372 350 351
372 351 373
373 351 352
373 352 374
374 352 353
374 353 375
375 353 354
375 354 376
376 354 355
376 355 377
377 355 356
377 356 378
378 356 357
379 358 359
379 359 380
380 359 360
380 360 381
381 360 361
381 361 382
382 361 362
382 362 383
383 362 363
383 363 384
384 363 364
384 364 385
385 364 365
385 365 386
386 365 366
386 366 387
387 366 367
387 367 388
388 367 368
388 368 389
389 368 369
389 369 390
390 369 370
390 370 391
391 370 371
391 371 392
392 371 372
392 372 393
393 372 373
393 373 394
394 373 374
394 374 395
395 374 375
395 375 396
396 375 376
396 376 397
397 376 377
397 377 398
398 377 378
398 378 399
400 379 401
401 379 380
401 380 402
402 380 381
402 381 403
403 381 382
403 382 404
404 382 383
404 383 405
405 383 384
405 384 406
406 384 385
406 385 407
407 385 386
407 386 408
408 386 387
408 387 409
409 387 388
409 388 410
410 388 389
410 389 411
411 389 390
411 390 412
412 390 391
412 391 413
413 391 392
413 392 414
414 392 393
414 393 415
415 393 394
415 394 416
416 394 395
416 395 417
417 395 396
417 396 418
418 396 397
418 397 419
419 397 398
419 398 420
420 398 399
421 400 401
421 401 422
422 401 402
422 402 423
423 402 403
423 403 424
424 403 404
424 404 425
425 404 405
425 405 426
426 405 406
426 406 427
427 406 407
427 407 428
428 407 408
428 408 429
429 408 409
429 409 430
430 409 410
430 410 431
431 410 411
431 411 432
432 411 412
432 412 433
433 412 413
433 413 434
434 413 414
434 414 435
435 414 415
435 415 436
436 415 416
436 416 437
437 416 417
437 417 438
438 417 418
438 418 439
439 418 419
439 419 440
440 419 420
440 420 441
442 421 443
443 421 422
443 422 444
444 422 423
444 423 445
445 423 424
445 424 446
446 424 425
446 425 447
447 425 426
447 426 448
448 426 427
448 427 449
449 427 428
449 428 450
450 428 429
450 429 451
451 429 430
451 430 452
452 430 431
452 431 453
453 431 432
453 432 454
454 432 433
454 433 455
455 433 434
455 434 456
456 434 435
456 435 457
457 435 436
457 436 458
458 436 437
458 437 459
459 437 438
459 438 460
460 438 439
460 439 461
461 439 440
461 440 462
462 440 441
463 442 443
463 443 464
464 443 444
464 444 465
465 444 445
465 445 466
466 445 446
466 446 467
467 446 447
467 447 468
468 447 448
468 448 469
469 448 449
469 449 470
470 449 450
470 450 471
471 450 451
471 451 472
472 451 452
472 452 473
473 452 453
473 453 474
474 453 454
474 454 475
475 454 455
475 455 476
476 455 456
476 456 477
477 456 457
477 457 478
478 457 458
478 458 479
479 458 459
479 459 480
480 459 460
480 460 481
481 460 461
481 461 482
482 461 462
482 462 483
484 463 485
485 463 464
485 464 486
486 464 465
486 465 487
487 465 466
487 466 488
488 466 467
488 467 489
489 467 468
489 468 490
490 468 469
490 469 491
491 469 470
491 470 492
492 470 471
492 471 493
493 471 472
493 472 494
494 472 473
494 473 495
495 473 474
495 474 496
496 474 475
496 475 497
497 475 476
497 476 498
498 476 477
498 477 499
499 477 478
499 478 500
500 478 479
500 479 501
501 479 480
501 480 502
502 480 481
502 481 503
503 481 482
503 482 504
504 482 483
505 484 485
505 485 506
506 485 486
506 486 507
507 486 487
507 487 508
508 487 488
508 488 509
509 488 489
509 489 510
510 489 490
510 490 511
511 490 491
511 491 512
512 491 492
512 492 513
513 492 493
513 493 514
514 493 494
514 494 515
515 494 495
515 495 516
516 495 496
516 496 517
517 496 497
517 497 518
518 497 498
518 498 519
519 498 499
519 499 520
520 499 500
520 500 521
521 500 501
521 501 522
522 501 502
522 502 523
523 502 503
523 503 524
524 503 504
524 504 525
526 505 527
527 505 506
527 506 528
528 506 507
528 507 529
529 507 508
529 508 530
530 508 509
530 509 531
531 509 510
531 510 532
532 510 511
532 511 533
533 511 512
533 512 534
534 512 513
534 513 535
535 513 514
535 514 536
536 514 515
536 515 537
537 515 516
537 516 538
538 516 517
538 517 539
539 517 518
539 518 540
540 518 519
540 519 541
541 519 520
541 520 542
542 520 521
542 521 543
543 521 522
543 522 544
544 522 523
544 523 545
545 523 524
545 524 546
546 524 525
547 526 527
547 527 548
548 527 528
548 528 549
549 528 529
549 529 550
550 529 530
550 530 551
551 530 531
551 531 552
552 531 532
552 532 553
553 532 533
553 533 554
554 533 534
554 534 555
555 534 535
555 535 556
556 535 536
556 536 557
557 536 537
557 537 558
558 537 538
558 538 559
559 538 539
559 539 560
560 539 540
560 540 561
561 540 541
561 541 562
562 541 542
562 542 563
563 542 543
563 543 564
564 543 544
564 544 565
565 544 545
565 545 566
566 545 546
566 546 567
568 547 569
569 547 548
569 548 570
570 548 549
570 549 571
571 549 550
571 550 572
572 550 551
572 551 573
573 551 552
573 552 574
574 552 553
574 553 575
575 553 554
575 554 576
576 554 555
576 555 577
577 555 556
577 556 578
578 556 557
578 557 579
579 557 558
579 558 580
580 558 559
580 559 581
581 559 560
581 560 582
582 560 561
582 561 583
583 561 562
583 562 584
584 562 563
584 563 585
585 563 564
585 564 586
586 564 565
586 565 587
587 565 566
587 566 588
588 566 567
589 568 569
589 569 590
590 569 570
590 570 591
591 570 571
591 571 592
592 571 572
592 572 593
593 572 573
593 573 594
594 573 574
594 574 595
595 574 575
595 575 596
596 575 576
596 576 597
597 576 577
597 577 598
598 577 578
598 578 599
599 578 579
599 579 600
600 579 580
600 580 601
601 580 581
601 581 602
602 581 582
602 582 603
603 582 583
603 583 604
604 583 584
604 584 605
605 584 585
605 585 606
606 585 586
606 586 607
607 586 587
607 587 608
608 587 588
608 588 609
610 589 611
611 589 590
611 590 612
612 590 591
612 591 613
613 591 592
613 592 614
614 592 593
614 593 615
615 593 594
615 594 616
616 594 595
616 595 617
617 595 596
617 596 618
618 596 597
618 597 619
619 597 598
619 598 620
620 598 599
620 599 621
621 599 600
621 600 622
622 600 601
622 601 623
623 601 602
623 602 624
624 602 603
624 603 625
625 603 604
625 604 626
626 604 605
626 605 627
627 605 606
627 606 628
628 606 607
628 607 629
629 607 608
629 608 630
630 608 609
631 610 611
631 611 632
632 611 612
632 612 633
633 612 613
633 613 634
634 613 614
634 614 635
635 614 615
635 615 636
636 615 616
636 616 637
637 616 617
637 617 638
638 617 618
638 618 639
639 618 619
639 619 640
640 619 620
640 620 641
641 620 621
641 621 642
642 621 622
642 622 643
643 622 623
643 623 644
644 623 624
644 624 645
645 624 625
645 625 646
646 625 626
646 626 647
647 626 627
647 627 648
648 627 628
648 628 649
649 628 629
649 629 650
650 629 630
650 630 651
652 631 653
653 631 632
653 632 654
654 632 633
654 633 655
655 633 634
655 634 656
656 634 635
656 635 657
657 635 636
657 636 658
658 636 637
658 637 659
659 637 638
659 638 660
660 638 639
660 639 661
661 639 640
661 640 662
662 640 641
662 641 663
663 641 642
663 642 664
664 642 643
664 643 665
665 643 644
665 644 666
666 644 645
666 645 667
667 645 646
667 646 668
668 646 647
668 647 669
669 647 648
669 648 670
670 648 649
670 649 671
671 649 650
671 650 672
672 650 651
673 652 653
673 653 674
674 653 654
674 654 675
675 654 655
675 655 676
676 655 656
676 656 677
677 656 657
677 657 678
678 657 658
678 658 679
679 658 659
679 659 680
680 659 660
680 660 681
681 660 661
681 661 682
682 661 662
682 662 683
683 662 663
683 663 684
684 663 664
684 664 685
685 664 665
685 665 686
686 665 666
686 666 687
687 666 667
687 667 688
688 667 668
688 668 689
689 668 669
689 669 690
690 669 670
690 670 691
691 670 671
691 671 692
692 671 672
692 672 693
694 673 695
695 673 674
695 674 696
696 674 675
696 675 697
697 675 676
697 676 698
698 676 677
698 677 699
699 677 678
699 678 700
700 678 679
700 679 701
701 679 680
701 680 702
702 680 681
702 681 703
703 681 682
703 682 704
704 682 683
704 683 705
705 683 684
705 684 706
706 684 685
706 685 707
707 685 686
707 686 708
708 686 687
708 687 709
709 687 688
709 688 710
710 688 689
710 689 711
711 689 690
711 690 712
712 690 691
712 691 713
713 691 692
713 692 714
714 692 693
715 694 695
715 695 716
716 695 696
716 696 717
717 696 697
717 697 718
718 697 698
718 698 719
719 698 699
719 699 720
720 699 700
720 700 721
721 700 701
721 701 722
722 701 702
722 702 723
723 702 703
723 703 724
724 703 704
724 704 725
725 704 705
725 705 726
726 705 706
726 706 727
727 706 707
727 707 728
728 707 708
728 708 729
729 708 709
729 709 730
730 709 710
730 710 731
731 710 711
731 711 732
732 711 712
732 712 733
733 712 713
733 713 734
734 713 714
734 714 735
736 715 737
737 715 716
737 716 738
738 716 717
738 717 739
739 717 718
739 718 740
740 718 719
740 719 741
741 719 720
741 720 742
742 720 721
742 721 743
743 721 722
743 722 744
744 722 723
744 723 745
745 723 724
745 724 746
746 724 725
746 725 747
747 725 726
747 726 748
748 726 727
748 727 749
749 727 728
749 728 750
750 728 729
750 729 751
751 729 730
751 730 752
752 730 731
752 731 753
753 731 732
753 732 754
754 732 733
754 733 755
755 733 734
755 734 756
756 734 735
757 736 737
757 737 758
758 737 738
758 738 759
759 738 739
759 739 760
760 739 740
760 740 761
761 740 741
761 741 762
762 741 742
762 742 763
763 742 743
763 743 764
764 743 744
764 744 765
765 744 745
765 745 766
766 745 746
766 746 767
767 746 747
767 747 768
768 747 748
768 748 769
769 748 749
769 749 770
770 749 750
770 750 771
771 750 751
771 751 772
772 751 752
772 752 773
773 752 753
773 753 774
774 753 754
774 754 775
775 754 755
775 755 776
776 755 756
776 756 777
778 757 779
779 757 758
779 758 780
780 758 759
780 759 781
781 759 760
781 760 782
782 760 761
782 761 783
783 761 762
783 762 784
784 762 763
784 763 785
785 763 764
785 764 786
786 764 765
786 765 787
787 765 766
787 766 788
788 766 767
788 767 789
789 767 768
789 768 790
790 768 769
790 769 791
791 769 770
791 770 792
792 770 771
792 771 793
793 771 772
793 772 794
794 772 773
794 773 795
795 773 774
795 774 796
796 774 775
796 775 797
797 775 776
797 776 798
798 776 777
799 778 779
799 779 800
800 779 780
800 780 801
801 780 781
801 781 802
802 781 782
802 782 803
803 782 783
803 783 804
804 783 784
804 784 805
805 784 785
805 785 806
806 785 786
806 786 807
807 786 787
807 787 808
808 787 788
808 788 809
809 788 789
809 789 810
810 789 790
810 790 811
811 790 791
811 791 812
812 791 792
812 792 813
813 792 793
813 793 814
814 793 794
814 794 815
815 794 795
815 795 816
816 795 796
816 796 817
817 796 797
817 797 818
818 797 798
818 798 819
820 799 821
821 799 800
821 800 822
822 800 801
822 801 823
823 801 802
823 802 824
824 802 803
824 803 825
825 803 804
825 804 826
826 804 805
826 805 827
827 805 806
827 806 828
828 806 807
828 807 829
829 807 808
829 808 830
830 808 809
830 809 831
831 809 810
831 810 832
832 810 811
832 811 833
833 811 812
833 812 834
834 812 813
834 813 835
835 813 814
835 814 836
836 814 815
836 815 837
837 815 816
837 816 838
838 816 817
838 817 839
839 817 818
839 818 840
840 818 819
841 820 821
841 821 842
842 821 822
842 822 843
843 822 823
843 823 844
844 823 824
844 824 845
845 824 825
845 825 846
846 825 826
846 826 847
847 826 827
847 827 848
848 827 828
848 828 849
849 828 829
849 829 850
850 829 830
850 830 851
851 830 831
851 831 852
852 831 832
852 832 853
853 832 833
853 833 854
854 833 834
854 834 855
855 834 835
855 835 856
856 835 836
856 836 857
857 836 837
857 837 858
858 837 838
858 838 859
859 838 839
859 839 860
860 839 840
860 840 861
