255
255
255
255
255
255
253.99999658546346
252.99994268657161
251.66619483902673
251.99969543657156
253.33330613333769
255
255
255
255
255
255
255
255
254.33333266945755
253.99999658546346
254.33333266945755
255
254.66666662582398
255
255
255
255
255
255
255
255
255
255
254.66666662582398
254.66666662582398
254.66666662582398
254.66666662582398
254.66666662582398
254.33333266945755
255
255
255
255
255
255
254.66666662582398
254.66666662582398
250.33139741091924
253.99999658546346
254.66666662582398
252.66655876352675
252.66655876352675
255
255
255
249.99740604543996
250.66525101224377
250.66525101224377
250.33139741091924
249.99740604543996
246.30508920192796
244.94628858039925
248.32441518541464
245.96657440166229
248.32441518541464
251.66619483902673
253.99999658546346
255
255
255
255
255
255
255
255
255
254.66666662582398
254.33333266945755
253.99999658546346
255
255
255
253.66665570203688
253.66665570203688
254.66666662582398
255
255
255
252.33314625625519
250.33139741091924
252.33314625625519
251.3326311369913
249.6632521555959
247.98897358076218
250.99898901146992
233.94887034126333
189.10631679583449
74.355551549570649
47.654886498036348
43.824433707724182
42.641366150945217
58.43667696949727
102.49104714996665
203.05853190107189
218.58925091015007
231.55028135690614
240.01247793480934
245.62732279492758
249.32890820903938
251.3326311369913
251.66619483902673
255
255
255
255
255
254.66666662582398
254.33333266945755
253.99999658546346
255
255
253.66665570203688
251.66619483902673
251.66619483902673
253.99999658546346
255
255
254.66666662582398
255
252.33314625625519
246.64293998552805
243.22450242372324
239.6423097903733
212.35863384905477
86.326049471307215
19.300058402964403
16.87580406164053
21.051129658736684
50.459292315896413
158.08644748992657
215.64996729624087
229.41193976415838
235.6999415970356
231.0362349318122
233.94887034126333
236.93786009663415
240.01247793480934
243.22450242372324
245.96657440166229
248.32441518541464
248.99434371729657
255
255
255
255
254.66666662582398
254.33333266945755
253.99999658546346
253.99999658546346
255
255
252.33314625625519
249.99740604543996
250.33139741091924
253.99999658546346
255
255
255
252.66655876352675
247.31691358952165
242.87595894109771
211.17556629227585
34.625375624465249
11.082962301162652
10.738718539598723
17.661478599221791
65.893683204165526
211.17556629227585
236.93786009663415
242.52571519687683
244.26128146040128
245.28725577821245
245.62732279492758
247.65315585489782
248.99434371729657
249.99740604543996
249.99740604543996
249.6632521555959
250.66525101224377
251.66619483902673
251.66619483902673
255
255
255
254.66666662582398
253.99999658546346
253.33330613333769
253.33330613333769
253.99999658546346
255
255
251.66619483902673
249.32890820903938
250.33139741091924
253.99999658546346
255
255
255
253.66665570203688
240.74339115485495
105.33921366238154
11.775497576276781
2.0000573134284076
9.0334255983377485
19.300058402964403
221.21968409803762
238.89129870926965
247.98897358076218
247.31691358952165
246.30508920192796
249.99740604543996
252.99994268657161
252.99994268657161
251.3326311369913
252.66655876352675
253.66665570203688
255
255
255
255
255
255
255
255
254.33333266945755
252.33314625625519
251.99969543657156
252.99994268657161
254.33333266945755
255
254.66666662582398
251.3326311369913
249.99740604543996
251.3326311369913
255
255
255
255
232.0519467204723
69.998162412611407
14.620573304874112
0
3.0003045634284526
45.053267993163175
226.37765530320357
252.99994268657161
253.66665570203688
253.66665570203688
251.99969543657156
254.66666662582398
255
255
255
255
255
255
255
255
255
255
255
255
255
255
252.99994268657161
250.66525101224377
250.66525101224377
252.66655876352675
254.66666662582398
255
253.99999658546346
252.33314625625519
251.3326311369913
252.66655876352675
255
255
255
244.26128146040128
126.000102515526
9.0334255983377485
0
7.0110264192378207
50.459292315896413
224.31606771164485
248.32441518541464
254.33333266945755
254.66666662582398
255
255
255
255
255
255
255
255
255
255
255
255
255
255
255
255
254.66666662582398
252.66655876352675
250.66525101224377
250.33139741091924
252.66655876352675
254.66666662582398
254.66666662582398
252.66655876352675
252.99994268657161
248.99434371729657
254.66666662582398
251.66619483902673
253.33330613333769
249.99740604543996
105.33921366238154
10.738718539598723
7.34684414510214
0
20.601116792585181
235.27389971931501
247.65315585489782
255
255
255
255
255
255
255
255
255
255
255
255
255
253.66665570203688
253.99999658546346
253.66665570203688
250.33139741091924
255
253.33330613333769
250.33139741091924
248.32441518541464
250.66525101224377
253.99999658546346
254.66666662582398
253.33330613333769
252.99994268657161
252.99994268657161
253.66665570203688
254.66666662582398
253.99999658546346
252.66655876352675
248.65952504123345
207.3451135019636
13.895407923038174
0
3.6673688630087238
10.738718539598723
194.79165624101438
246.64293998552805
255
255
253.66665570203688
253.99999658546346
253.99999658546346
253.99999658546346
254.66666662582398
254.66666662582398
254.66666662582398
253.99999658546346
253.66665570203688
252.33314625625519
251.3326311369913
250.33139741091924
249.6632521555959
248.32441518541464
246.98019406415258
245.96657440166229
255
251.66619483902673
246.30508920192796
247.98897358076218
252.66655876352675
254.33333266945755
254.66666662582398
254.66666662582398
252.66655876352675
252.99994268657161
252.99994268657161
255
252.66655876352675
251.99969543657156
233.94887034126333
26.747951411455158
2.3334412364732242
1.6666938666623148
2.0000573134284076
46.329535632453435
242.17362184017372
253.33330613333769
255
255
253.99999658546346
253.99999658546346
253.66665570203688
253.66665570203688
252.99994268657161
252.66655876352675
252.33314625625519
251.66619483902673
251.3326311369913
249.99740604543996
249.32890820903938
249.32890820903938
247.98897358076218
246.64293998552805
247.31691358952165
248.99434371729657
254.33333266945755
246.64293998552805
243.91703769883736
250.33139741091924
255
255
254.33333266945755
254.66666662582398
252.33314625625519
252.99994268657161
255
255
251.99969543657156
247.31691358952165
126.000102515526
5.0025939545600195
3.3338051609733088
7.0110264192378207
9.3726772050724581
214.59416491166525
246.64293998552805
255
255
255
255
255
255
254.66666662582398
253.99999658546346
253.66665570203688
252.66655876352675
252.66655876352675
250.66525101224377
251.99969543657156
252.66655876352675
252.33314625625519
251.3326311369913
251.66619483902673
252.99994268657161
253.99999658546346
242.87595894109771
242.52571519687683
246.64293998552805
253.99999658546346
255
255
254.66666662582398
253.66665570203688
253.66665570203688
252.66655876352675
255
255
250.99898901146992
235.27389971931501
17.661478599221791
0.66666733054243599
1.0000034145365699
3.6673688630087238
45.053267993163175
245.96657440166229
251.66619483902673
255
255
255
255
255
255
255
255
254.66666662582398
253.99999658546346
253.99999658546346
252.99994268657161
255
255
255
255
255
255
247.98897358076218
236.53148245630638
245.62732279492758
254.33333266945755
255
255
255
255
253.33330613333769
254.66666662582398
253.66665570203688
255
255
247.31691358952165
173.64163530721632
1.3333442979631238
1.0000034145365699
3.0003045634284526
5.6710917909605998
209.94673200683687
252.66655876352675
255
255
252.33314625625519
249.99740604543996
255
255
255
255
255
253.99999658546346
253.99999658546346
253.99999658546346
255
255
255
255
255
255
250.66525101224377
239.6423097903733
243.91703769883736
253.99999658546346
255
255
253.99999658546346
255
255
254.66666662582398
255
255
255
255
241.10459207696181
37.354106924955261
0
0
5.0025939545600195
19.300058402964403
237.73384698734017
254.33333266945755
255
250.99898901146992
246.64293998552805
240.37942669512589
255
255
254.66666662582398
253.66665570203688
252.66655876352675
252.33314625625519
252.33314625625519
252.66655876352675
254.66666662582398
255
255
255
255
250.99898901146992
247.31691358952165
249.99740604543996
253.99999658546346
255
255
255
254.66666662582398
255
255
254.66666662582398
255
255
255
254.66666662582398
234.84038189469942
14.987522065190662
4.3347489877561998
0
0
42.641366150945217
240.37942669512589
255
255
252.99994268657161
240.74339115485495
233.02101933648822
253.66665570203688
252.99994268657161
252.66655876352675
251.3326311369913
250.66525101224377
250.33139741091924
250.33139741091924
251.3326311369913
252.99994268657161
253.33330613333769
255
255
248.99434371729657
236.93786009663415
247.98897358076218
255
255
255
255
255
255
255
254.66666662582398
253.66665570203688
255
251.99969543657156
252.33314625625519
245.62732279492758
212.35863384905477
9.3726772050724581
6.6755848145853793
4.0010109885300427
9.0334255983377485
43.824433707724182
244.6043298896833
255
255
255
255
255
251.99969543657156
255
255
255
255
250.99898901146992
246.98019406415258
245.96657440166229
246.30508920192796
253.66665570203688
253.99999658546346
242.17362184017372
238.50990682699344
250.99898901146992
255
255
255
251.99969543657156
255
255
252.66655876352675
252.99994268657161
255
254.66666662582398
255
255
252.99994268657161
244.6043298896833
185.00183758738862
5.6710917909605998
1.3333442979631238
0
5.3367478444041341
27.97823696323578
241.10459207696181
250.99898901146992
255
255
255
255
255
254.66666662582398
252.99994268657161
252.33314625625519
252.66655876352675
252.99994268657161
252.66655876352675
253.33330613333769
255
251.3326311369913
242.52571519687683
238.12419593835946
244.6043298896833
255
255
255
255
252.66655876352675
255
255
252.99994268657161
253.99999658546346
255
252.99994268657161
255
255
254.33333266945755
244.26128146040128
131.9972340543147
2.6668537437448578
0
0
1.3333442979631238
16.87580406164053
236.93786009663415
243.57148522704739
254.66666662582398
255
255
255
255
255
252.33314625625519
248.32441518541464
248.65952504123345
253.66665570203688
255
255
255
245.96657440166229
236.53148245630638
241.46323664817646
252.33314625625519
255
255
254.33333266945755
253.99999658546346
253.99999658546346
255
255
253.33330613333769
255
255
250.66525101224377
255
255
254.66666662582398
245.62732279492758
117.03501293651566
4.6686025890807619
0
0
0.33333337417599662
13.536763351823517
234.84038189469942
240.74339115485495
252.66655876352675
255
254.66666662582398
255
252.99994268657161
252.66655876352675
250.33139741091924
249.6632521555959
252.99994268657161
255
255
255
246.64293998552805
243.57148522704739
244.94628858039925
251.3326311369913
255
252.66655876352675
251.3326311369913
250.66525101224377
253.33330613333769
255
255
254.33333266945755
253.99999658546346
255
253.99999658546346
248.65952504123345
255
255
254.66666662582398
247.65315585489782
160.8087774954561
11.428514772952608
4.3347489877561998
1.6666938666623148
3.6673688630087238
15.731327920351932
231.55028135690614
242.52571519687683
252.33314625625519
253.99999658546346
250.66525101224377
252.33314625625519
248.99434371729657
249.32890820903938
249.6632521555959
253.33330613333769
255
255
255
249.99740604543996
245.28725577821245
249.6632521555959
253.99999658546346
254.66666662582398
250.33139741091924
249.6632521555959
250.99898901146992
252.66655876352675
253.33330613333769
255
255
253.66665570203688
254.66666662582398
255
251.66619483902673
247.98897358076218
255
255
252.99994268657161
248.99434371729657
207.3451135019636
18.062139903365839
11.428514772952608
7.6830864104783467
8.3570600144719744
19.300058402964403
215.64996729624087
244.6043298896833
252.33314625625519
251.66619483902673
248.99434371729657
249.32890820903938
245.28725577821245
250.33139741091924
255
255
255
252.33314625625519
248.99434371729657
244.94628858039925
255
255
254.66666662582398
250.33139741091924
247.31691358952165
249.99740604543996
254.66666662582398
255
253.66665570203688
255
254.66666662582398
253.99999658546346
255
252.66655876352675
248.65952504123345
248.99434371729657
255
250.66525101224377
249.99740604543996
247.31691358952165
224.31606771164485
20.159618105300602
12.826378159826234
6.6755848145853793
9.3726772050724581
17.26615301265986
123.00276594568533
243.57148522704739
251.66619483902673
252.33314625625519
250.99898901146992
248.99434371729657
247.98897358076218
251.99969543657156
255
255
247.98897358076218
242.52571519687683
246.30508920192796
250.99898901146992
255
253.33330613333769
251.3326311369913
249.6632521555959
250.66525101224377
254.66666662582398
255
255
254.33333266945755
255
253.99999658546346
254.33333266945755
255
250.33139741091924
246.30508920192796
250.66525101224377
255
248.65952504123345
248.99434371729657
246.30508920192796
225.71277869119854
15.731327920351932
7.34684414510214
0
4.3347489877561998
10.738718539598723
37.354106924955261
239.6423097903733
251.3326311369913
255
255
253.99999658546346
255
250.33139741091924
243.22450242372324
242.52571519687683
243.22450242372324
244.6043298896833
250.66525101224377
255
249.6632521555959
248.99434371729657
251.99969543657156
255
255
255
255
254.33333266945755
255
255
253.66665570203688
254.66666662582398
255
248.65952504123345
244.6043298896833
251.99969543657156
255
240.01247793480934
255
240.37942669512589
233.02101933648822
29.974018070315065
2.3334412364732242
0
0
4.0010109885300427
25.032109900423322
207.3451135019636
253.33330613333769
255
255
255
250.99898901146992
245.62732279492758
240.01247793480934
239.6423097903733
246.30508920192796
251.66619483902673
250.66525101224377
247.65315585489782
249.32890820903938
253.66665570203688
255
255
255
255
252.99994268657161
249.99740604543996
255
252.99994268657161
254.33333266945755
255
252.99994268657161
245.62732279492758
246.30508920192796
252.66655876352675
255
239.26867207964807
254.66666662582398
253.66665570203688
242.87595894109771
67.914281106362381
3.0003045634284526
0
2.0000573134284076
8.3570600144719744
24.490960121452037
180.64444845042931
248.32441518541464
255
251.99969543657156
244.6043298896833
248.65952504123345
247.31691358952165
245.96657440166229
246.30508920192796
248.65952504123345
249.99740604543996
247.65315585489782
246.98019406415258
251.99969543657156
255
255
255
255
255
250.33139741091924
246.98019406415258
252.99994268657161
252.99994268657161
255
255
249.32890820903938
243.91703769883736
246.98019406415258
254.66666662582398
255
243.22450242372324
247.65315585489782
255
254.66666662582398
234.84038189469942
36.410749089849936
17.26615301265986
16.87580406164053
43.824433707724182
131.9972340543147
204.54070768410361
233.48978033799489
241.81951919041327
243.57148522704739
244.94628858039925
248.65952504123345
253.99999658546346
255
255
250.33139741091924
247.98897358076218
249.99740604543996
253.99999658546346
255
255
255
255
255
253.66665570203688
251.3326311369913
249.32890820903938
253.33330613333769
254.66666662582398
255
251.3326311369913
245.62732279492758
243.57148522704739
248.99434371729657
255
253.99999658546346
244.6043298896833
241.81951919041327
253.33330613333769
252.33314625625519
255
221.21968409803762
134.98721292998314
160.8087774954561
199.92688252655671
218.58925091015007
231.55028135690614
242.87595894109771
247.31691358952165
245.62732279492758
244.6043298896833
255
255
255
254.66666662582398
250.99898901146992
251.66619483902673
255
255
255
255
255
252.66655876352675
251.3326311369913
251.66619483902673
253.99999658546346
255
255
255
251.66619483902673
246.30508920192796
243.57148522704739
246.30508920192796
251.66619483902673
255
248.65952504123345
245.62732279492758
246.98019406415258
250.99898901146992
249.99740604543996
255
246.98019406415258
240.37942669512589
236.11898526157339
241.46323664817646
243.57148522704739
242.87595894109771
242.17362184017372
243.57148522704739
251.3326311369913
255
255
255
251.99969543657156
251.66619483902673
255
255
255
255
255
255
249.6632521555959
246.30508920192796
247.31691358952165
251.66619483902673
255
255
255
251.3326311369913
244.94628858039925
241.46323664817646
244.94628858039925
251.3326311369913
254.66666662582398
253.99999658546346
251.3326311369913
244.26128146040128
246.30508920192796
252.99994268657161
254.66666662582398
251.3326311369913
249.6632521555959
248.32441518541464
249.6632521555959
243.91703769883736
240.01247793480934
246.30508920192796
255
253.99999658546346
246.30508920192796
242.52571519687683
243.91703769883736
248.99434371729657
253.99999658546346
255
255
255
255
255
255
251.99969543657156
249.32890820903938
248.32441518541464
250.66525101224377
254.66666662582398
255
255
249.6632521555959
244.94628858039925
240.01247793480934
241.10459207696181
248.32441518541464
254.66666662582398
255
253.66665570203688
255
245.96657440166229
241.46323664817646
250.66525101224377
252.99994268657161
250.33139741091924
247.31691358952165
243.22450242372324
237.73384698734017
247.65315585489782
255
255
253.66665570203688
239.26867207964807
204.54070768410361
149.6607863376185
212.35863384905477
236.11898526157339
250.33139741091924
255
255
254.66666662582398
254.33333266945755
252.99994268657161
251.66619483902673
251.66619483902673
252.33314625625519
255
255
255
252.33314625625519
250.33139741091924
242.87595894109771
241.10459207696181
242.17362184017372
246.98019406415258
252.66655876352675
255
255
253.99999658546346
255
255
251.99969543657156
255
249.6632521555959
255
255
252.33314625625519
255
255
254.33333266945755
237.73384698734017
215.64996729624087
182.85466972419644
140.92579561739785
126.000102515526
158.08644748992657
196.56332303050269
228.2520485885448
242.52571519687683
251.66619483902673
254.33333266945755
250.33139741091924
244.6043298896833
246.64293998552805
249.99740604543996
254.33333266945755
255
255
250.66525101224377
242.17362184017372
235.27389971931501
239.26867207964807
241.46323664817646
247.31691358952165
253.66665570203688
255
254.66666662582398
253.33330613333769
253.99999658546346
253.99999658546346
252.66655876352675
250.99898901146992
249.6632521555959
249.6632521555959
250.99898901146992
252.66655876352675
253.99999658546346
255
249.99740604543996
237.73384698734017
215.64996729624087
198.27470524694394
207.3451135019636
212.35863384905477
205.96905635879241
215.64996729624087
213.49760888660006
212.35863384905477
215.64996729624087
222.03495768528609
229.41193976415838
235.27389971931501
238.12419593835946
239.26867207964807
239.6423097903733
239.26867207964807
237.33852140077823
234.84038189469942
234.39888320741483
236.53148245630638
238.89129870926965
242.17362184017372
246.98019406415258
252.33314625625519
255
254.33333266945755
253.66665570203688
254.33333266945755
255
254.66666662582398
254.33333266945755
253.66665570203688
253.33330613333769
253.33330613333769
253.66665570203688
254.33333266945755
254.66666662582398
250.33139741091924
255
253.66665570203688
242.17362184017372
222.82186750681169
201.52105587467733
198.27470524694394
201.52105587467733
203.05853190107189
205.96905635879241
211.17556629227585
215.64996729624087
220.37462437553472
223.58179265216975
225.71277869119854
226.37765530320357
232.0519467204723
233.48978033799489
234.39888320741483
234.39888320741483
234.84038189469942
236.93786009663415
240.74339115485495
243.91703769883736
248.99434371729657
251.66619483902673
254.66666662582398
255
254.66666662582398
253.66665570203688
254.33333266945755
255
255
255
255
255
255
255
255
255
252.99994268657161
255
255
251.99969543657156
244.6043298896833
236.53148245630638
224.31606771164485
207.3451135019636
211.17556629227585
213.49760888660006
217.64589307504474
222.03495768528609
225.02598192968492
226.37765530320357
227.64620739663906
227.64620739663906
226.37765530320357
229.41193976415838
232.54196129760561
235.27389971931501
238.50990682699344
242.87595894109771
247.31691358952165
250.66525101224377
254.33333266945755
255
255
255
254.66666662582398
254.33333266945755
254.66666662582398
255
254.66666662582398
255
255
255
255
255
255
254.66666662582398
255
254.33333266945755
251.99969543657156
252.33314625625519
255
253.99999658546346
245.96657440166229
236.11898526157339
229.41193976415838
227.02176303676418
223.58179265216975
220.37462437553472
220.37462437553472
223.58179265216975
227.02176303676418
228.84030215638404
233.48978033799489
236.11898526157339
239.6423097903733
242.87595894109771
246.30508920192796
249.6632521555959
253.33330613333769
255
254.66666662582398
254.33333266945755
253.99999658546346
254.33333266945755
254.66666662582398
255
255
255
255
254.66666662582398
254.66666662582398
254.66666662582398
254.66666662582398
254.66666662582398
254.66666662582398
255
253.99999658546346
254.33333266945755
253.99999658546346
253.66665570203688
254.33333266945755
255
254.66666662582398
253.33330613333769
247.65315585489782
245.28725577821245
241.46323664817646
238.12419593835946
235.6999415970356
235.6999415970356
236.93786009663415
238.12419593835946
244.26128146040128
245.96657440166229
248.65952504123345
251.3326311369913
253.33330613333769
254.66666662582398
255
255
254.33333266945755
253.99999658546346
253.66665570203688
254.33333266945755
255
255
255
254.66666662582398
255
255
255
254.66666662582398
254.66666662582398
255
255
255
253.99999658546346
255
255
254.66666662582398
252.99994268657161
252.66655876352675
254.33333266945755
255
255
255
254.66666662582398
253.66665570203688
252.66655876352675
252.33314625625519
252.33314625625519
252.33314625625519
251.99969543657156
252.99994268657161
254.66666662582398
255
255
255
255
254.66666662582398
255
255
255
255
255
255
255
254.33333266945755
255
255
255
255
255
255
255
255
255
255
253.99999658546346
254.33333266945755
255
255
253.66665570203688
252.33314625625519
252.66655876352675
253.33330613333769
254.33333266945755
255
255
255
255
255
255
255
255
255
255
255
254.66666662582398
253.99999658546346
255
255
255
255
255
255
255
255
255
255
255
255
255
255
255
255
255
254.33333266945755
254.66666662582398
255
255
255
255
255
255
255
255
255
255
255
255
255
255
255
254.66666662582398
254.33333266945755
254.66666662582398
255
255
255
253.99999658546346
254.33333266945755
254.33333266945755
253.99999658546346
253.66665570203688
253.99999658546346
255
255
