3.3318015737085638e-08
5.5397147423352474e-08
4.6096679235754541e-08
7.5010449839034702e-08
4.4555119902349584e-08
1.5072642032299212e-07
1.1993084158131315e-07
1.8809764746433932e-07
1.1079238409300273e-07
3.8143320266540491e-07
2.8887439861339303e-07
4.3359395665603952e-07
2.540177426941533e-07
8.8448928748195567e-07
6.3479167373999352e-07
9.045582363032522e-07
5.2940287340553884e-07
1.8472332503640217e-06
1.2518514108940549e-06
1.6788826336685791e-06
9.8755466388027904e-07
3.4092427145073558e-06
2.1771463878596212e-06
2.7241879782943993e-06
1.6229731439717616e-06
5.4533885901898858e-06
3.2825749540718171e-06
3.802434750969233e-06
2.3152614534284495e-06
7.4278587261991934e-06
4.2281175341497153e-06
4.5081195735336399e-06
2.832719114177927e-06
8.5016474158295364e-06
4.6058693812094433e-06
4.5081195735336408e-06
2.9504874794784944e-06
8.1260379354069721e-06
4.2281175341497153e-06
3.802434750969233e-06
2.6121263864334362e-06
6.49995602857585e-06
3.2825749540718171e-06
2.7241879782943989e-06
1.9747082975353336e-06
4.3948013462321788e-06
2.1771463878596212e-06
1.6788826336685821e-06
1.2874650246290676e-06
2.551722862872816e-06
1.2518514108940551e-06
9.045582363032522e-07
7.338785109071932e-07
1.2965533990338623e-06
6.3479167373999352e-07
4.3359395665603942e-07
3.7146213928097046e-07
5.8782223142027591e-07
2.8887439861339361e-07
1.8809764746433934e-07
1.6961506791539415e-07
2.4216891118682738e-07
1.199308415813131e-07
7.5010449839034715e-08
7.0917341955254117e-08
9.2131607008702494e-08
4.6096679235754534e-08
3.3318015737085757e-08
2.7517094754072015e-08
7.7255148482684657e-08
1.0981728310268081e-07
2.1708712334406316e-07
1.8376609192554151e-07
3.0238924292069263e-07
6.0554848083361506e-07
4.8842962907835274e-07
7.7290017010774738e-07
1.564746936428802e-06
1.1956463783917899e-06
1.8039937234751848e-06
3.6787369699194252e-06
2.6481569288673549e-06
3.7721777378862278e-06
7.7027353340292239e-06
5.1999775350315034e-06
6.9179356692477995e-06
1.4025334974058591e-05
8.8580858797352984e-06
1.0888638646258651e-05
2.1673706125212556e-05
1.2819363700401586e-05
1.4426597325923038e-05
2.7827132843196116e-05
1.5495835124568013e-05
1.5871270544679383e-05
2.927520588020572e-05
1.5495835124568017e-05
1.4426597325923038e-05
2.5161394645370106e-05
1.2819363700401586e-05
1.0888638646258651e-05
1.782212673862276e-05
8.858085879735295e-06
6.9179356692477995e-06
1.0593387887385265e-05
5.1999775350315212e-06
3.7721777378862286e-06
5.4086649155600898e-06
2.6481569288673549e-06
1.8039937234751848e-06
2.4307966745867419e-06
1.1956463783917895e-06
7.7290017010774759e-07
9.8379071642977478e-07
4.8842962907835284e-07
3.0238924292069252e-07
3.6568997859204386e-07
1.8376609192554191e-07
1.0981728310268078e-07
1.269008279003765e-07
7.7255148482684935e-08
1.6976850239186051e-07
2.7445627639690283e-07
2.4821755465969827e-07
4.2776237387048204e-07
8.3978341364611224e-07
7.257715823685625e-07
1.2100739978955246e-06
2.4121422776310951e-06
1.9784465920909353e-06
3.164566942390145e-06
6.3922174871964964e-06
4.939075316892498e-06
7.5001327427665546e-06
1.5287165062432582e-05
1.1046587348384698e-05
1.5728115391284214e-05
3.211313689414198e-05
2.1572771330864441e-05
2.8404531090021117e-05
5.7450665751451459e-05
3.5779276897898346e-05
4.2979046982149917e-05
8.4833951875399309e-05
4.9098836998333499e-05
5.3229382370202695e-05
0.00010078863241233123
5.469048465205563e-05
5.3229382370202803e-05
9.5126693638783154e-05
4.9098836998333499e-05
4.2979046982149917e-05
7.1637288623135082e-05
3.5779276897898346e-05
2.8404531090021114e-05
4.3911541403591772e-05
2.1572771330864441e-05
1.5728115391284214e-05
2.2560886114796659e-05
1.10465873483847e-05
7.5001327427665546e-06
1.0028734344386587e-05
4.939075316892498e-06
3.1645669423901441e-06
3.9714446080279011e-06
1.978446592090943e-06
1.2100739978955248e-06
1.4359625870069863e-06
7.2577158236856218e-07
4.2776237387048299e-07
4.8345252946612897e-07
2.4821755465969822e-07
1.6976850239186051e-07
3.5051269580168229e-07
5.2744405588622935e-07
1.007335446095015e-06
9.370318919857465e-07
1.6416359148554407e-06
3.1932037893468721e-06
2.8308714461039803e-06
4.7944029747921844e-06
9.4967315480905797e-06
7.9547802498603545e-06
1.2892949994977034e-05
2.595879863569715e-05
2.0346488085730569e-05
3.1149329920375839e-05
6.3445786707574898e-05
4.6075695477570819e-05
6.5562748203067312e-05
0.00013384186774539029
8.9331715580053182e-05
0.00011601045927401404
0.00023377975978591063
0.00014295360732248809
0.00016648585890419794
0.00032435102936709996
0.00018267408420269291
0.00018845681592135851
0.00034689339975417846
0.00018267408420269331
0.00016648585890419794
0.00028406107425621012
0.00014295360732248809
0.00011601045927401404
0.00018160304205059609
8.9331715580053168e-05
6.5562748203067421e-05
9.4096268731380358e-05
4.6075695477570819e-05
3.1149329920375846e-05
4.1237982711815404e-05
2.0346488085730569e-05
1.2892949994977034e-05
1.5891995071652132e-05
7.9547802498603511e-06
4.7944029747921852e-06
5.5572291406110286e-06
2.8308714461039808e-06
1.6416359148554399e-06
1.8059495061967517e-06
9.3703189198574851e-07
5.2744405588622925e-07
5.55116518905055e-07
3.5051269580168229e-07
6.7336928083481231e-07
1.0389551640271706e-06
1.0427111258560507e-06
1.9100941644944031e-06
3.591907164424142e-06
3.4578910261089066e-06
6.1751092819689427e-06
1.1859675331528575e-05
1.0854755552880934e-05
1.8733970421349243e-05
3.677313466265325e-05
3.1649265694778944e-05
5.2152816507252135e-05
0.00010449786908945006
8.3477086354483379e-05
0.00012916573634279217
0.00026279996236058584
0.00019215587020857421
0.00027319728631216444
0.00055756446395143562
0.00036884436272976626
0.00046985715341792443
0.00094103688900718093
0.00056137568856366206
0.00062599865188962074
0.0011933803524222944
0.00064939946488263406
0.00062599865188962096
0.0011014451548702485
0.00056137568856366206
0.00046985715341792443
0.00074824077454197023
0.00036884436272976626
0.00027319728631216439
0.00039238293995004156
0.00019215587020857453
0.00012916573634279217
0.00016871806568519965
8.3477086354483393e-05
5.2152816507252135e-05
6.2788407391605242e-05
3.1649265694778944e-05
1.8733970421349237e-05
2.1075769404465108e-05
1.0854755552880938e-05
6.1751092819689427e-06
6.5703780016653977e-06
3.457891026108905e-06
1.9100941644944035e-06
1.941328218804329e-06
1.0427111258560503e-06
6.7336928083481231e-07
1.1910593675711171e-06
1.8957114256157603e-06
3.4170261889720865e-06
3.5776524587006747e-06
6.689454276660777e-06
1.231775846243446e-05
1.2372419431534688e-05
2.2591353348872288e-05
4.2612839277504893e-05
4.0627066427468604e-05
7.1746275201644731e-05
0.00013893547331648567
0.0001239728039095631
0.00020867618913367506
0.00041491822515050595
0.00034032366924887985
0.00053426536377409995
0.0010849948518640341
0.00080118698321503896
0.0011376955045168983
0.0023207912146293685
0.0015154297542651963
0.0018758173877823018
0.0037144717492283048
0.0021401087817359099
0.0022377522560172733
0.0041021660690237537
0.0021401087817359108
0.0018758173877823018
0.0030623130558834798
0.0015154297542651963
0.0011376955045168983
0.0016357363635253863
0.00080118698321503885
0.00053426536377410092
0.00068469111877377377
0.00034032366924887985
0.00020867618913367512
0.00024331616750789583
0.0001239728039095631
7.1746275201644731e-05
7.7631023508389641e-05
4.062706642746859e-05
2.2591353348872291e-05
2.305050258698681e-05
1.237241943153469e-05
6.6894542766607744e-06
6.515626969845049e-06
3.5776524587006819e-06
1.8957114256157597e-06
1.7789802200156352e-06
1.1910593675711213e-06
1.9186589555969492e-06
2.7547063369269973e-06
3.1309799237159659e-06
6.0732035985347059e-06
1.0620058553229197e-05
1.1703845557314924e-05
2.2380632905479828e-05
4.0026117886444041e-05
4.2400538847722268e-05
7.9426837142479193e-05
0.00014590693150965062
0.00014674501742508768
0.00026653056862076149
0.00050523194900059347
0.00047389994856096243
0.00082034937610321926
0.0016097154424189275
0.0013727347780422288
0.0022002180664536528
0.004452492615197071
0.003339107924854218
0.0047323067865877953
0.0096438193893210039
0.0061679462464205069
0.0072848327003758595
0.014078757357983168
0.0077110244619856532
0.0072848327003758612
0.012361151173024585
0.0061679462464205069
0.0047323067865877953
0.0068148488913700161
0.003339107924854218
0.0022002180664536563
0.0027390129165266882
0.0013727347780422301
0.00082034937610321991
0.00091382550117419291
0.00047389994856096248
0.00026653056862076149
0.00027368433940748639
0.00014674501742508768
7.9426837142479179e-05
7.6808862226423547e-05
4.2400538847722356e-05
2.2380632905479828e-05
2.0687204295468601e-05
1.1703845557314917e-05
6.0732035985347288e-06
5.4215000666610174e-06
3.1309799237159651e-06
1.9186589555969526e-06
2.7849675224871521e-06
4.6408667641280816e-06
7.6563302920265689e-06
9.2139899086479874e-06
1.8224207506442744e-05
3.0595312165507969e-05
3.5880528242378301e-05
7.0248392602102205e-05
0.0001205449863555179
0.00013658528551390955
0.00026326615711175705
0.00046454340667564399
0.00050185198592309218
0.00094303120241077292
0.0017248172619235178
0.001738854625035231
0.0031258883365392221
0.0059807938014715678
0.0054277349387745017
0.0089825110656771272
0.018032905047981974
0.013904010363782858
0.019633902054028804
0.039905087810668476
0.024571438725484902
0.026571260555521573
0.048135946003749111
0.024571438725484909
0.019633902054028804
0.028352138404149921
0.013904010363782858
0.0089825110656771272
0.010645838403649556
0.0054277349387745009
0.0031258883365392252
0.003249309190041595
0.0017388546250352325
0.00094303120241077303
0.00090056033172468267
0.00050185198592309218
0.00026326615711175705
0.00023746420743002173
0.00013658528551390952
7.0248392602102354e-05
6.0861114835103285e-05
3.5880528242378308e-05
1.8224207506442734e-05
1.5326976733965875e-05
9.2139899086480044e-06
4.6408667641280799e-06
3.8155825567733828e-06
2.7849675224871572e-06
3.6081829857730548e-06
4.6842245353111039e-06
6.1058139446012958e-06
1.2333468465078409e-05
1.9336350912388729e-05
2.4874248121656684e-05
5.0071169120499759e-05
7.9549056451978543e-05
0.0001005544404545299
0.0002013381788175461
0.00032553480284297845
0.00040160609693623919
0.00079710483133705711
0.0013203836817016557
0.0015715833877018219
0.0030702282720764932
0.0052673279155930428
0.0059199446716773595
0.011195274766322412
0.020261477098916042
0.020543877262535329
0.035899099619568095
0.070322061664865695
0.057754420288881031
0.080829734673083659
0.16233513302887453
0.091561360100731431
0.080829734673083714
0.11737867281717586
0.057754420288881031
0.035899099619568095
0.038568213370068265
0.020543877262535329
0.011195274766322419
0.010401035069740598
0.0059199446716773647
0.0030702282720764962
0.0026447630539430671
0.0015715833877018221
0.00079710483133705711
0.0006565653919032141
0.00040160609693623919
0.0002013381788175464
0.0001610558532104551
0.00010055444045453012
5.0071169120499765e-05
3.9240049780827684e-05
2.487424812165667e-05
1.2333468465078458e-05
9.5204066725112877e-06
6.1058139446012941e-06
3.6081829857730607e-06
4.1423841894972766e-06
7.0695493201848251e-06
1.0345700126215395e-05
1.4417768123374154e-05
2.9397077676388518e-05
4.3165106648476099e-05
5.9922112159193838e-05
0.00012210018206961946
0.0001800898109645231
0.00024868532338389655
0.00050620985427405143
0.00075130861959582247
0.0010296132906654429
0.0020919739392169494
0.0031339988982429894
0.0042440731909035179
0.0085908097525825462
0.013070054295895969
0.017327837395015443
0.034738802292126843
0.054472787408819598
0.068835932931020347
0.13281974139271352
0.22631197881309023
0.23688826348151795
0.31550940708959696
0.45556048521246761
0.23688826348151826
0.13281974139271352
0.11112722776566097
0.068835932931020347
0.034738802292126843
0.026686156793122584
0.01732783739501545
0.0085908097525825532
0.0064003943127899842
0.0042440731909035214
0.0020919739392169499
0.0015344998521393525
0.0010296132906654429
0.00050620985427405143
0.00036783928610872169
0.00024868532338389676
0.00012210018206961951
8.8168520740150829e-05
5.9922112159193838e-05
2.9397077676388501e-05
2.1132359914964396e-05
1.441776812337421e-05
7.0695493201848234e-06
5.0648790513791988e-06
4.1423841894972842e-06
4.196775287640423e-06
4.8113059392529719e-06
7.1681998688352086e-06
1.4632424531626715e-05
1.9933421333446407e-05
2.9866140357162926e-05
6.0952082390902987e-05
8.2398261007051509e-05
0.00012437449451133375
0.00025374022827348976
0.00033940614020733369
0.00051753200218053008
0.001055208934605877
0.0013897307037838446
0.0021504949712145682
0.0043797725003625974
0.0056267089236384368
0.0089111944025742004
0.018102479486883052
0.022215129805108091
0.036673935292344306
0.073901634080151588
0.081364740876467764
0.14702352850271583
0.279938524981938
0.20766489486050255
0.40773013947651904
0.27993852498193839
0.14244885292909965
0.14702352850271583
0.073901634080151588
0.043209543601138378
0.036673935292344306
0.018102479486883056
0.011233415308116198
0.0089111944025742178
0.0043797725003626043
0.0028018080253972644
0.0021504949712145686
0.001055208934605877
0.00068746209345241292
0.00051753200218053008
0.00025374022827349019
0.00016732463091615539
0.00012437449451133378
6.0952082390902987e-05
4.0541492773919966e-05
2.9866140357162916e-05
1.4632424531626746e-05
9.7953897414832545e-06
7.1681998688352069e-06
4.1967752876404306e-06
3.7506913522143573e-06
6.3619669803121142e-06
8.0966989625805244e-06
1.2885141090070026e-05
2.6065581383473724e-05
3.260852505873979e-05
5.2651392478571447e-05
0.00010616054552978129
0.00012979710418289424
0.00021356047481714354
0.00042835021530391568
0.00050718991647447553
0.00085584684774249291
0.0017010899943478513
0.0019205650403974247
0.0033566792281130779
0.0065547146268976359
0.0068563180397221511
0.012599717120440907
0.023621681684855941
0.021596144505631087
0.042456433715523087
0.070758511132068769
0.050489539209307148
0.10267651184232965
0.11832397160167551
0.062041867225390401
0.1026765118423297
0.070758511132068769
0.034902702063556112
0.042456433715523087
0.023621681684855941
0.012447663424788912
0.012599717120440904
0.006554714626897642
0.0036656726270875043
0.0033566792281130809
0.0017010899943478513
0.00099205041282237933
0.00085584684774249291
0.00042835021530391568
0.0002573260325685544
0.00021356047481714348
0.0001061605455297815
6.5174466650403089e-05
5.2651392478571447e-05
2.6065581383473711e-05
1.6267879594064145e-05
1.2885141090070079e-05
6.3619669803121125e-06
4.0219848666960033e-06
3.7506913522143632e-06
2.966921998358006e-06
2.9752513412387482e-06
4.9623660916130342e-06
9.8930839588693656e-06
1.1579557100569663e-05
1.9658557731462448e-05
3.8908809280976204e-05
4.4165772679207612e-05
7.6635730099099058e-05
0.0001500341256411317
0.00016347949956959095
0.00029150107242916857
0.00056085451178999792
0.00057751966840750965
0.0010654347661869126
0.0019899261181643272
0.0018891837323404682
0.0036318646803089587
0.0064195687535299811
0.0054046992712562881
0.010843775259891796
0.017165664115851926
0.012150380898792352
0.024779451300045361
0.031545014316948013
0.018172397186983623
0.034337815383403678
0.031545014316948033
0.01581415865916996
0.024779451300045361
0.017165664115851926
0.0084295885240324598
0.010843775259891796
0.0064195687535299794
0.0032663200551466421
0.0036318646803089609
0.0019899261181643285
0.0010574849848751879
0.0010654347661869126
0.00056085451178999792
0.00030951598966454168
0.00029150107242916857
0.00015003412564113167
8.5361309876457974e-05
7.663573009909922e-05
3.8908809280976204e-05
2.2683026234280261e-05
1.9658557731462438e-05
9.893083958869386e-06
5.8818446730686451e-06
4.9623660916130334e-06
2.9669219983580115e-06
2.0912218571020674e-06
3.4287374779121569e-06
3.7939290649209872e-06
6.6856335863115265e-06
1.2959139961843414e-05
1.3847593470062772e-05
2.4942125296654653e-05
4.7597192319497565e-05
4.8641070834289088e-05
8.9890263029564229e-05
0.00016760527311416603
0.00016159413217356678
0.00030757704588385646
0.00055326959682488628
0.00049376466573307506
0.00097027220060659774
0.001647125101220312
0.001326292884951265
0.0026814282970145705
0.004135915712814563
0.002917612876045925
0.0059548898774537916
0.0078684699506621717
0.0047723721526788934
0.0093819684793863562
0.0099648917234960097
0.0052976672395995275
0.0093819684793863597
0.0078684699506621717
0.0038975840962038352
0.0059548898774537916
0.004135915712814563
0.0020281346668784791
0.0026814282970145696
0.0016471251012203135
0.00082547020581022425
0.00097027220060659936
0.00055326959682488639
0.00028610313722953064
0.00030757704588385646
0.00016760527311416603
8.9405029018472794e-05
8.9890263029564216e-05
4.7597192319497579e-05
2.6101282789297194e-05
2.4942125296654656e-05
1.2959139961843409e-05
7.2771908852180392e-06
6.6856335863115536e-06
3.428737477912156e-06
1.9646363519889119e-06
2.0912218571020712e-06
1.3253882859792777e-06
1.170438337705068e-06
2.1209941279059675e-06
4.0266363847089272e-06
4.0966081100220591e-06
7.5780397841316192e-06
1.4116109115625332e-05
1.3724263330991994e-05
2.5977508195542545e-05
4.7118782324816052e-05
4.3289640241776653e-05
8.3995074771170305e-05
0.00014663047852765242
0.00012548124882786639
0.0002495623269484163
0.00041184950365030348
0.0003226157340084262
0.00065462752619563065
0.00099416991346389875
0.00070001605418702588
0.001429212961258658
0.0019251325105668301
0.0012039174983401724
0.0024046665673015622
0.0027598819142766336
0.0015415377678450819
0.0028918283225726972
0.0027598819142766341
0.0014180416092787452
0.0024046665673015622
0.0019251325105668301
0.00094904343174242274
0.001429212961258658
0.00099416991346389918
0.00048720410635421887
0.0006546275261956313
0.00041184950365030348
0.00020480369481019585
0.00024956232694841636
0.00014663047852765242
7.4627328602132892e-05
8.3995074771170305e-05
4.7118782324816045e-05
2.459069597271834e-05
2.5977508195542555e-05
1.4116109115625332e-05
7.5459983908241458e-06
7.5780397841316158e-06
4.0266363847089289e-06
2.1999543236421354e-06
2.120994127905967e-06
1.3253882859792798e-06
7.6329070709263165e-07
1.1888636810510676e-06
1.1619494765183811e-06
2.1915620664333901e-06
3.994443284097569e-06
3.7338213865220671e-06
7.1856299547441577e-06
1.2730817105561339e-05
1.1278086600137871e-05
2.215793190015422e-05
3.7772090975093653e-05
3.1367135364879238e-05
6.2837975962339368e-05
0.0001015879124850108
7.8108859965890889e-05
0.00015881157506218653
0.00023871426529865317
0.00016788644292013504
0.00034282879818134637
0.00046721546552431635
0.00029808590501121182
0.00060004286775213324
0.00072150169804109394
0.00041805484966892789
0.00080783963530314145
0.00083921343846772275
0.00044815457634455957
0.00080783963530314167
0.00072150169804109394
0.00036448745931057165
0.00060004286775213324
0.00046721546552431635
0.00022978014460880606
0.00034282879818134631
0.00023871426529865317
0.00011694547726198549
0.00015881157506218653
0.00010158791248501082
5.0291427036394036e-05
6.2837975962339368e-05
3.7772090975093653e-05
1.9033222327698991e-05
2.2157931900154217e-05
1.2730817105561388e-05
6.5470921662265535e-06
7.1856299547441594e-06
3.9944432840975673e-06
2.0968900963695785e-06
2.1915620664333947e-06
1.1888636810510676e-06
6.3640073703584387e-07
7.6329070709263165e-07
4.0382193833962566e-07
3.1945683583333302e-07
6.1130549133044342e-07
1.0929501842993773e-06
9.8991793751012347e-07
1.9277971333791875e-06
3.3482697642524647e-06
2.8835952993186434e-06
5.7138146946680079e-06
9.556040031335595e-06
7.7594316428376665e-06
1.5617400691942625e-05
2.4858211732175343e-05
1.8858582388062524e-05
3.8390389980846989e-05
5.7284928846584366e-05
4.0255637448263899e-05
8.2211081956584371e-05
0.00011292206876986154
7.3062639927256746e-05
0.0001477168479287507
0.00018314706588370467
0.00010905241493810337
0.00021429932276371315
0.00023583085361711956
0.00013021993110606448
0.00024354115000791527
0.00023583085361711964
0.00012269309926391396
0.00021429932276371315
0.00018314706588370467
9.1649482723810187e-05
0.0001477168479287507
0.00011292206876986151
5.5461400611694537e-05
8.2211081956584507e-05
5.7284928846584366e-05
2.8058176269528597e-05
3.8390389980846989e-05
2.4858211732175343e-05
1.2271591532483742e-05
1.5617400691942625e-05
9.5560400313355916e-06
4.7834686820131889e-06
5.7138146946680104e-06
3.3482697642524647e-06
1.7043169585092115e-06
1.9277971333791867e-06
1.0929501842993796e-06
5.6619121656842018e-07
6.1130549133044332e-07
4.0382193833962566e-07
1.9836724819633794e-07
2.9175794324823742e-07
2.5754397218748568e-07
5.0594515237888185e-07
8.6405903482466393e-07
7.2762923420138768e-07
1.4505231660118179e-06
2.3884854536156017e-06
1.9060516940977069e-06
3.8485499964770889e-06
6.0518254183567371e-06
4.5451061296372555e-06
9.2598681904446517e-06
1.3741942723786987e-05
9.6511344319986593e-06
1.9710990041963355e-05
2.7227151338073626e-05
1.7799881962447546e-05
3.6083979336914813e-05
4.5715131015203595e-05
2.7790866579747661e-05
5.5177359476065468e-05
6.3260795968813634e-05
3.5907240843097981e-05
6.8735859938891659e-05
7.0676050964428464e-05
3.7825791076282061e-05
6.8735859938891795e-05
6.3260795968813634e-05
3.2383628397823182e-05
5.5177359476065468e-05
4.5715131015203595e-05
2.2744368212481651e-05
3.6083979336914807e-05
2.7227151338073626e-05
1.336141750134323e-05
1.9710990041963426e-05
1.3741942723786988e-05
6.7299543146949058e-06
9.2598681904446517e-06
6.0518254183567371e-06
2.9819688101886924e-06
3.8485499964770957e-06
2.3884854536156106e-06
1.190111943874252e-06
1.4505231660118181e-06
8.6405903482466361e-07
4.3656426871524157e-07
5.059451523788828e-07
2.9175794324823737e-07
1.4965054497911827e-07
1.9836724819633834e-07
9.1375268670047506e-08
6.6063589413222158e-08
1.3063916778171388e-07
2.1992213036747508e-07
1.8185575411596227e-07
3.6413603958043611e-07
5.9193733391523446e-07
4.6590302647982974e-07
9.4284672385748033e-07
1.4682875953339199e-06
1.0940904901243809e-06
2.2302483372781806e-06
3.2957610571676095e-06
2.313613731357393e-06
4.7254004733180431e-06
6.5549842410514571e-06
4.319565958592578e-06
8.772045314544399e-06
1.1292355068368594e-05
6.9768221493874528e-06
1.3945618794461507e-05
1.6481027140672837e-05
9.5679500920949671e-06
1.8599905009602052e-05
2.0013334347139279e-05
1.0985158950963422e-05
2.0510308749729344e-05
2.0013334347139286e-05
1.0488835562502542e-05
1.8599905009602052e-05
1.6481027140672837e-05
8.3476748098106251e-06
1.3945618794461507e-05
1.129235506836859e-05
5.5969865673866079e-06
8.772045314544399e-06
6.5549842410514681e-06
3.2150109634618318e-06
4.7254004733180431e-06
3.2957610571676095e-06
1.6139211579336034e-06
2.2302483372781806e-06
1.4682875953339196e-06
7.2253395436234121e-07
9.4284672385748054e-07
5.9193733391523446e-07
2.9396637050438752e-07
3.641360395804359e-07
2.1992213036747516e-07
1.1050319574757426e-07
1.3063916778171385e-07
9.1375268670047678e-08
3.9822400267496035e-08
5.5399659629327355e-08
5.393622262585524e-08
9.0660386485338434e-08
1.4579571726487951e-07
1.3562551179048275e-07
2.3001821287698026e-07
3.5537176281912408e-07
3.1451153164189154e-07
5.3661240709306275e-07
7.9030472299251367e-07
6.6286287348224215e-07
1.132755962951598e-06
1.5765321204452055e-06
1.2495447697750372e-06
2.1256546564776653e-06
2.770186534491744e-06
2.0722814375309791e-06
3.4816609787335925e-06
4.2113699333252472e-06
2.9768301452653437e-06
4.8934607017797085e-06
5.4537328045608865e-06
3.6571999469232387e-06
5.8230540569362039e-06
5.9521260634801393e-06
3.8124828881059021e-06
5.8230540569362056e-06
5.4537328045608865e-06
3.3667617303892142e-06
4.8934607017797085e-06
4.2113699333252472e-06
2.530957529627363e-06
3.4816609787335917e-06
2.770186534491744e-06
1.6367991894690293e-06
2.1256546564776653e-06
1.5765321204452055e-06
9.2383503608252344e-07
1.132755962951598e-06
7.9030472299251367e-07
4.6253241742247958e-07
5.3661240709306264e-07
3.5537176281912419e-07
2.0881605376186886e-07
2.3001821287698029e-07
1.4579571726487945e-07
8.6325682335566633e-08
9.0660386485338804e-08
5.5399659629327342e-08
3.3130799598803992e-08
3.9822400267496174e-08
