3.3318015737085638e-08
5.9571429285424817e-08
7.1301655741237875e-08
4.4555119902349584e-08
9.6069995186440694e-08
1.5307436742292529e-07
1.9019794213243722e-07
1.1079238409300273e-07
2.4038878051819265e-07
3.6861927462144032e-07
4.8130923289510014e-07
2.540177426941533e-07
5.5367260512997957e-07
8.0976623588506725e-07
1.1162022634421422e-06
5.2940287340553884e-07
1.1539913146285888e-06
1.5962373178924314e-06
2.3317617805013877e-06
9.8755466388027904e-07
2.139832592581308e-06
2.7746499946097468e-06
4.3052382324305651e-06
1.6229731439717616e-06
3.4693245824831793e-06
4.1811002358721608e-06
6.8899774155191533e-06
2.3152614534284495e-06
4.8398747843688778e-06
5.3827057636069245e-06
9.3886661737245914e-06
2.832719114177927e-06
5.7370506938547556e-06
5.8617248813521159e-06
1.0748331116134089e-05
2.9504874794784944e-06
5.7380572471559648e-06
5.3809539801807561e-06
1.0272661520884274e-05
2.6121263864334362e-06
4.8419488421084669e-06
4.1791401190754705e-06
8.2141674084811422e-06
1.9747082975353336e-06
3.4708493935561947e-06
2.7737060084461941e-06
5.551153360837479e-06
1.2874650246290676e-06
2.1402143416273699e-06
1.5962928485279158e-06
3.2216427411544735e-06
7.338785109071932e-07
1.1536620368869068e-06
8.1021908082164966e-07
1.6363945644926323e-06
3.7146213928097046e-07
5.5320629059554273e-07
3.6903403269262279e-07
7.4176465030566383e-07
1.6961506791539415e-07
2.4005344093496261e-07
1.5332719282497165e-07
3.0557903703010198e-07
7.0917341955254117e-08
9.5892226947904309e-08
5.9557409641545166e-08
1.1669485749795888e-07
2.7517094754072015e-08
3.3318015737085757e-08
7.7255148482684657e-08
1.4005616189694293e-07
2.3183303392625646e-07
2.7433903008414746e-07
3.817822392929079e-07
6.1521111250868047e-07
7.6228787229773763e-07
9.7507000076650024e-07
1.5057783102190266e-06
1.9696404687033808e-06
2.2738025046329673e-06
3.3343577688216333e-06
4.6311099328291034e-06
4.7498748451240075e-06
6.5453920287883271e-06
9.6998496912683356e-06
8.7027651888087821e-06
1.1145117818063767e-05
1.7670665277263619e-05
1.368790261843701e-05
1.612065971532706e-05
2.7323038626175215e-05
1.8128855405326555e-05
1.9476946540528582e-05
3.5096364626318048e-05
1.9945533111789712e-05
1.9472122962121241e-05
3.6926593966038041e-05
1.8137094289390399e-05
1.611121591902472e-05
3.1728058144781712e-05
1.3696400560015509e-05
1.1138983676241325e-05
2.246093622565457e-05
8.7060821222949679e-06
6.544557345392602e-06
1.3343071499347866e-05
4.7489772867449779e-06
3.3361775883793966e-06
6.8097540798845925e-06
2.2717095949209112e-06
1.507731639863233e-06
3.0598693797026749e-06
9.7345474571238767e-07
6.1643992889346024e-07
1.2383742389915349e-06
3.8090423500941963e-07
2.322352140615753e-07
4.6037902889127339e-07
1.3948662229021627e-07
7.7255148482684935e-08
1.6281258730823749e-07
1.6976850239186051e-07
3.1516308200508498e-07
3.5206303736475668e-07
5.4062138845423977e-07
9.138434570243049e-07
1.0567793919432869e-06
1.5273057029142436e-06
2.4907225252473235e-06
3.0345485332404245e-06
3.9906209763102633e-06
6.21678231842441e-06
8.0401801286516754e-06
9.4477138115949521e-06
1.3900652583215328e-05
1.9228773418313283e-05
1.9788774010804544e-05
2.7135609073811511e-05
4.0405481450565616e-05
3.5698199415103052e-05
4.4979669485942342e-05
7.2327838314455669e-05
5.3973281247919966e-05
6.1683160369427304e-05
0.00010687330041879846
6.6830831293977172e-05
6.8672502118381415e-05
0.00012702280161787556
6.6852548318492434e-05
6.164704110417768e-05
0.00011987038521073035
5.4012813969797784e-05
4.4946539802335365e-05
9.0219090677507615e-05
3.5719524071126415e-05
2.7126615134693678e-05
5.5265060545401009e-05
1.978819732727023e-05
1.390689640637132e-05
2.8381192823756899e-05
9.4392662540168765e-06
6.2251033417943781e-06
1.2613978282962018e-05
3.9836133273240249e-06
2.4960609294527122e-06
4.995659876267648e-06
1.523521915744523e-06
9.1638126675000992e-07
1.8067296145018063e-06
5.3940639054941825e-07
3.1656511863166964e-07
6.1073234722566065e-07
1.6976850239186051e-07
3.5051269580168229e-07
6.7261263261221244e-07
1.1810025515253974e-06
1.2721672791429261e-06
2.0728350313091014e-06
3.5623729910293708e-06
4.0159040919301934e-06
6.0489773238879447e-06
1.0008047253676491e-05
1.1937911001812671e-05
1.6249744606823546e-05
2.5591991491754085e-05
3.2619840260790452e-05
3.9207799406784617e-05
5.7934887450554834e-05
7.9716790541431383e-05
8.2402249348828818e-05
0.00011226417830476551
0.00016821411902223347
0.00014561168156778447
0.00017951061090936069
0.00029402056144058535
0.00020880579394223089
0.0002291948898697037
0.00040823244937761933
0.00023637830396725483
0.00022909320332692472
0.00043668946805789776
0.00020896881848719937
0.00017934325179335274
0.00035740206265038178
0.00014573843471943145
0.00011219596921160657
0.00022831105791818495
8.2418101456053827e-05
5.7953236350664428e-05
0.0001182378402997048
3.9173999200200362e-05
2.5627834900328991e-05
5.181454128562452e-05
1.6218948798617028e-05
1.0031459282802178e-05
1.9973084200226622e-05
6.032601595854179e-06
3.573145049767937e-06
6.9873249136858562e-06
2.0660766928863511e-06
1.1842764158684215e-06
2.271789170241514e-06
6.69425644999853e-07
3.5051269580168229e-07
7.1196904506857173e-07
6.7336928083481231e-07
1.3228461205446101e-06
1.3323525950228163e-06
2.4139225679581477e-06
4.3497294693567746e-06
4.5173133101956639e-06
7.7940522868991826e-06
1.3649594045532718e-05
1.4905011721655214e-05
2.3624683670836729e-05
3.9785048072976297e-05
4.6182193595299323e-05
6.5686359561891553e-05
0.00010490015773335867
0.00013114797000551463
0.0001624150706303253
0.00024136003226919936
0.00032969572095124317
0.00034286286539912718
0.00046294109368024653
0.00069964247808942351
0.00058869849032448904
0.00070379521395289241
0.0011818478277383399
0.00078385511820936794
0.00081331349715283959
0.001499896894462303
0.00078435658028135416
0.00070303310392897799
0.0013839492892912257
0.00058941066013018842
0.00046247936681994
0.00093925886540829439
0.00034304028588673873
0.00024139023759775437
0.00049227192124324593
0.00016228129935584584
0.00010505752558862871
0.00021169413067196962
6.5548482120296692e-05
3.9888933170754924e-05
7.8826194120990394e-05
2.3553584664402321e-05
1.3695072585714857e-05
2.6478035973530266e-05
7.7663865008346972e-06
4.3659226245406771e-06
8.2604099538408231e-06
2.4061610454530817e-06
1.3293909401969079e-06
2.4512310449905321e-06
6.7336928083481231e-07
1.1910593675711171e-06
2.4159362699802011e-06
4.5045731553890111e-06
4.3141862266736207e-06
8.4444285032642511e-06
1.5551582756533856e-05
1.5483339428983978e-05
2.8499117003298932e-05
5.1039029985429501e-05
5.3513961406451304e-05
9.041829372042232e-05
0.00015566422962229789
0.00017428398273116897
0.00026258920208626258
0.00042710541642384376
0.00051986307012556667
0.00067083417007919664
0.0010048391979468364
0.0013581580432886194
0.0014247131716285358
0.0018984386369652003
0.0029051347170368871
0.0023442384629850511
0.0026763881962770537
0.0046550609601467936
0.0027965109692996166
0.002673733458313387
0.0051433232196158012
0.0023479496505028011
0.0018954522394979167
0.0038352736272430255
0.0014261863001000805
0.0010046652690624529
0.0020472389485530684
0.00067031006219717571
0.00042782015803810775
0.00085741101301268824
0.0002619550629550031
0.00015613132698952817
0.00030503877629670968
9.0109889546465053e-05
5.1228383463475964e-05
9.7438219274179703e-05
2.8388688449223675e-05
1.5613589342934346e-05
2.8961434060310074e-05
8.410594647078161e-06
4.5203856455319599e-06
8.1933915983776238e-06
2.4041253863307049e-06
1.1910593675711213e-06
2.2811943300714382e-06
1.9186589555969492e-06
3.9697078080501772e-06
3.5323243502723843e-06
7.6704549301315445e-06
1.4709212813795843e-05
1.3355095084301432e-05
2.8232756602205631e-05
5.3246335162604997e-05
5.02867490144378e-05
0.00010012116636296626
0.00018412299532180221
0.0001830813613083368
0.00033559166605197713
0.00059408646419770758
0.00063290407935063186
0.0010309896870804376
0.0017194284394200963
0.0020122235729296222
0.0027567559448023822
0.004178266581400596
0.0055537569936370459
0.0059052797712105774
0.0077027223227043012
0.01202208051870891
0.0090687222167995327
0.0096035125795952275
0.017579047094316774
0.0090842628124142358
0.0076839167044245411
0.01542157150312992
0.0059168268110907528
0.0041753821878584068
0.0084949651148772225
0.0027546812689282067
0.0017228813633539319
0.0034199824491137551
0.0010279625641160292
0.00059620817601428971
0.0011435955248400944
0.00033427188581642908
0.000184885652444599
0.00034314906089396235
9.970147977118483e-05
5.3469582817798125e-05
9.6442809674332689e-05
2.8116850748401627e-05
1.4768328705823829e-05
2.600343203167747e-05
7.6437221505666162e-06
3.9877695772803199e-06
6.8451521064032993e-06
1.9186589555969526e-06
2.7849675224871521e-06
5.9060742912270947e-06
1.159457247573048e-05
9.6678220148181038e-06
2.2980751853431927e-05
4.5062669146936737e-05
3.846249057714151e-05
8.8526540732093202e-05
0.0001713377956467318
0.00015137209064836643
0.00033146992875696509
0.00062864827367789099
0.00058241685062860725
0.0011857215301335601
0.0021746265950483195
0.0021573375535217615
0.0039210081514771582
0.0067766601127818675
0.0074527554581172821
0.011215208773005933
0.017328864767337079
0.022350229101406303
0.024336077735347
0.030495421850999894
0.049309943197299803
0.032887893158653883
0.030390421071851935
0.059562927639774915
0.024431335460178231
0.017298407015258754
0.03505338219360065
0.011205857118712701
0.0067952465785697837
0.013232300110297121
0.0039059553558255999
0.0021841555930412482
0.0040574113964762055
0.0011803513260535531
0.00063148608568217328
0.0011278714020817567
0.00033002697128733835
0.0001720540141100377
0.0002979768196060957
8.8176536352564851e-05
4.5231966680262789e-05
7.6471403544363622e-05
2.2899418558454188e-05
1.1630130166686183e-05
1.9276632953260283e-05
5.8838694417476075e-06
2.7849675224871572e-06
4.8928185849126031e-06
3.6081829857730548e-06
7.743148549172834e-06
6.0069549374537307e-06
1.5555342697787234e-05
3.1259478129155666e-05
2.4322626959403595e-05
6.3060537435636192e-05
0.00012620950550035185
9.997074437035128e-05
0.00025333676762702325
0.0005032245812744971
0.00040858465221178873
0.0010016928801077918
0.0019646509390699217
0.0016541010106071957
0.0038508765864396768
0.0073763536097455782
0.0065780419463523504
0.01399479461036556
0.025489367954930731
0.025150255092159898
0.044514381782512318
0.071340094963205231
0.086033731268202879
0.098510098437616975
0.11168706540129075
0.19271557798241615
0.099351845957377949
0.070990403055549448
0.14174003188171458
0.044443203293136842
0.025603825238219712
0.047606795854627987
0.013921084494527733
0.007414807210340265
0.012957269025796241
0.0038323509485218999
0.0019732801669432214
0.0033087608398944153
0.00099773071205893227
0.00050503399564373337
0.0008233717979378647
0.00025251135147839453
0.00012658644376620776
0.00020228439615238729
6.2888039873767494e-05
3.1338621500892285e-05
4.933799082668437e-05
1.5521697265611791e-05
7.7630275834170738e-06
1.2022954844378281e-05
3.6081829857730607e-06
4.1423841894972766e-06
8.9795302793017805e-06
1.815270384327548e-05
1.3065876289262857e-05
3.7000348702973084e-05
7.5299065424554946e-05
5.427755225676916e-05
0.00015352156697989529
0.0003120381579551469
0.00022621810109733963
0.00063556048305191679
0.001289101355334134
0.00094236722044517042
0.002620874858316029
0.0052952537052053782
0.0039221861523729062
0.010724510809482777
0.021483470363469575
0.016294098175911646
0.043063635963823364
0.084198196777466996
0.067341344506005152
0.15927797190583404
0.27632469269123411
0.26497467589066059
0.3597738435598542
0.27543092777815409
0.50484995929322063
0.1604770357955291
0.084721043645703695
0.13600554195281803
0.042838326352897277
0.021570665891282249
0.033161589340478734
0.010690413499413683
0.0053089392727551973
0.0079969966833682796
0.002615243325466865
0.0012914679843622785
0.0019228226181872612
0.00063454854788147963
0.00031247704882818149
0.00046175133303136306
0.00015332895625231772
7.538443207514729e-05
0.00011081388794535591
3.6962196639554462e-05
1.8168657058661951e-05
2.6583608332326861e-05
8.9703816290529055e-06
4.1423841894972842e-06
6.4952406831709071e-06
4.196775287640423e-06
9.1030692105950924e-06
6.1699654571737516e-06
1.8425326982436028e-05
3.7583272441220709e-05
2.5074231531389127e-05
7.6605713025014346e-05
0.00015634229508634865
0.00010355467379738619
0.00031844030567219038
0.00064956178981527915
0.0004260148754239291
0.0013214311349677003
0.0026929080636498427
0.0017411057393159129
0.0054657833215903829
0.011115583995936752
0.0070277446481506805
0.022445092204773136
0.045382472909887651
0.027579806635184587
0.090229314535138591
0.1754138767533529
0.099420851048517889
0.32222073004469753
0.45570096690189715
0.2433167154757602
0.32186247965500014
0.17655129702249017
0.1710232632362548
0.090674556642870038
0.04520676292276974
0.053332954333237807
0.02250947070124645
0.011091187442765193
0.013996470090109502
0.005475387616366555
0.0026890062979383609
0.0035055751894587386
0.0013230561634336425
0.00064887151391139204
0.00086216886789957422
0.00031873819507583856
0.00015621207352885163
0.00021016596481309162
7.6663248312523004e-05
3.7557624190933329e-05
5.0975700350601005e-05
1.8436034360328067e-05
9.0969462517972539e-06
1.2370435261674566e-05
4.1967752876404306e-06
3.7506913522143573e-06
8.0687332350307836e-06
1.6248265301900062e-05
1.0224136048320708e-05
3.2759067474216585e-05
6.6295316762634678e-05
4.0994772265488423e-05
0.00013325332611541116
0.00026864096530451856
0.00016299666933328514
0.00053673808710719183
0.0010751270413544892
0.00063590786466062393
0.0021262712048274895
0.0042081785078919628
0.0024021593475808027
0.0081632458504339537
0.01574105747124336
0.0085418140590795312
0.029265824328379965
0.052598887979888785
0.026734627963655864
0.087147423527012838
0.12444569293585478
0.062175460811653024
0.14350204739671174
0.1257598476763761
0.076505796360280973
0.086781643317701454
0.05244455216252103
0.043054062984895287
0.029420315100356947
0.015653901703050879
0.015463346355221345
0.0082054630580968672
0.0041887861974776079
0.0045769829091413259
0.0021350125089563913
0.0010712074711510186
0.0012424856161362863
0.00053849649886039707
0.00026784976123881663
0.00032291290300736123
0.00013361073098092392
6.6133190668710243e-05
8.1894118371033691e-05
3.283291587687058e-05
1.6217012525718992e-05
2.0460636439278266e-05
8.0870451144532353e-06
3.7506913522143632e-06
5.1575396725062937e-06
2.966921998358006e-06
6.3140352684542871e-06
3.8151396093961261e-06
1.2449073047393615e-05
2.4785302249873886e-05
1.4561994221061375e-05
4.8864733957330383e-05
9.6557601455290253e-05
5.5488210740245067e-05
0.00018819135315315498
0.00036694388338699642
0.00020512745167500091
0.000702407058134056
0.001339344954423729
0.00072338824663012522
0.0024875391448649932
0.0045548225640711466
0.0023608511411350955
0.0080089721652975513
0.013534940852555338
0.0067362946998183659
0.02137319786810769
0.030670596372206201
0.015126447264684524
0.039095110643998836
0.042417018335256747
0.022661725751046243
0.038935635564613782
0.030801973489611219
0.019702271651552201
0.021341852947635891
0.013515735231570684
0.010496370322816532
0.0080353661504963536
0.0045355422708297718
0.0040763530384154648
0.0024990204883901896
0.0013331448197710944
0.0013231406738689856
0.00070558085625065678
0.0003653693030764578
0.00038805662844184811
0.00018895779099093244
9.6188932114333928e-05
0.00010718148049107415
4.9040752159823755e-05
2.4701655526836337e-05
2.8512631282653123e-05
1.2485405726261734e-05
6.2916500037621173e-06
7.4265072550041459e-06
2.9669219983580115e-06
2.0912218571020674e-06
4.3471105931097128e-06
8.4430263823251409e-06
4.7900373154280538e-06
1.6285840704964009e-05
3.1460411463024507e-05
1.7406058919430521e-05
5.9765164115179089e-05
0.00011329866361472063
6.1081003232268735e-05
0.00021025392399032808
0.00038723969320300807
0.00020268073022040831
0.00069336568040983615
0.0012193184503447164
0.00061847920206060502
0.0020622245824807681
0.0033591427275127209
0.0016593551566831261
0.0051727606222306656
0.0074266701212737712
0.0036495389566807809
0.0098204432445999149
0.011667489313827793
0.005976517416389892
0.012398470895897868
0.011690273088303539
0.0066378104584820918
0.0097940402015192878
0.0074415490299060425
0.0048776409347792132
0.0051701117033200608
0.0033555708497471667
0.0025367282630293264
0.002067069783838553
0.0012153683986526847
0.0010333031358381105
0.00069600853591103237
0.00038565165548716383
0.00035860961684680077
0.00021114686170316897
0.00011281809227852464
0.00011220657476228054
6.0016124675330318e-05
3.1332125441530926e-05
3.2793503293133592e-05
1.6350411513053953e-05
8.414035163725726e-06
9.1510141293818798e-06
4.3663461166049238e-06
2.0912218571020712e-06
2.5192433484250272e-06
1.3253882859792777e-06
2.7027480163947911e-06
1.5009365845800766e-06
5.0694155517516734e-06
9.565512399692667e-06
5.1518654263925594e-06
1.774124687255173e-05
3.2769105516601483e-05
1.7247131299938979e-05
5.9184376415309466e-05
0.00010585128117776774
5.4358603747108809e-05
0.00018407174604156943
0.00031402879803169335
0.0001574455055476455
0.00051672646773436644
0.00082188660819370338
0.00040458983343194727
0.0012464999199779481
0.0017892565108555496
0.00087797787680638721
0.0024108621801036769
0.0030035077938634341
0.0015112774937785841
0.0034497592563025761
0.0036118226455725514
0.0019366706591512541
0.0034459664332663893
0.0030086876041669104
0.0017809566681760256
0.0024068674553064618
0.0017910638806741708
0.0011907392250882533
0.0012464449641972745
0.00082108070837353948
0.00061097064569079582
0.00051770958826242812
0.00031319992505445275
0.00025689474498826056
0.00018466114096288118
0.00010547273136230596
9.3672016551409434e-05
5.9411562496922261e-05
3.2639142146335918e-05
3.0890803320125458e-05
1.7813025031055699e-05
9.5269047852683613e-06
9.4864935159720279e-06
5.0873435707136285e-06
2.6896550131457913e-06
2.7777139767174881e-06
1.3253882859792798e-06
7.6329070709263165e-07
1.5081394124473241e-06
2.7695501551456438e-06
1.4673575016049236e-06
5.0241362857383943e-06
9.0693239478087931e-06
4.6954307080932422e-06
1.6006479823100319e-05
2.7942273857752818e-05
1.4175326435450271e-05
4.7473729059980509e-05
7.9143360306289088e-05
3.9408167717481755e-05
0.00012763421071841237
0.00019968110178481419
9.8113344599085365e-05
0.00029977934465690086
0.00043017893601035145
0.00021093125467031566
0.00058627750488845533
0.00075157361000603045
0.00037476948369059474
0.00090428211880424667
0.0010111498315490226
0.00052601119943274891
0.0010506373361932745
0.0010118535100114554
0.00056400201203276852
0.0009032277606421989
0.00075253439726905946
0.00045844547176047918
0.00058568103500179043
0.00043038307050447867
0.00028877942529939501
0.00029984723106621722
0.00019948799573596903
0.0001469039057973135
0.0001278469396199735
7.8963700889029225e-05
6.3175059571427832e-05
4.7605462608016295e-05
2.7854098752164216e-05
2.3917110737881242e-05
1.6061820909805204e-05
9.0362104326014854e-06
8.2310716820867051e-06
5.0432376934287915e-06
2.7604336431911068e-06
2.6376152554123821e-06
1.5156228562660755e-06
7.6329070709263165e-07
8.1619648610362556e-07
4.0382193833962566e-07
7.7952772767511015e-07
4.097736847467061e-07
1.3773684109626869e-06
2.4341541803460051e-06
1.2456071880072703e-06
4.2129938730240035e-06
7.2090057613007729e-06
3.6272180933209214e-06
1.2021053877047711e-05
1.9683499509595573e-05
9.7582496082897009e-06
3.1262450619064374e-05
4.8320541532881727e-05
2.3715931373445692e-05
7.201865262767914e-05
0.0001033160470772732
5.063783143630969e-05
0.00014188828730018072
0.00018537166916797557
9.1958978351195416e-05
0.0002299389107015466
0.00026870078629475638
0.00013735170776808046
0.00029581571046166015
0.00030538700378971871
0.00016408065334146306
0.0002956748411599421
0.00026892451629824811
0.00015457362288440169
0.00022971298188341721
0.00018553829688880218
0.00011539368006600345
0.000141803094264026
0.00010333105527229899
6.9783127245894993e-05
7.2047473538667883e-05
4.8273519697293531e-05
3.5288352920762179e-05
3.1310253034468429e-05
1.9643537725524455e-05
1.5432055438092197e-05
1.2050788285634594e-05
7.1885828794045102e-06
6.0162466753927939e-06
4.2262156375709546e-06
2.4259759899048529e-06
2.1441613808009601e-06
1.3813275552261024e-06
7.7579410293031348e-07
7.1520580096536834e-07
4.0382193833962566e-07
1.9836724819633794e-07
3.7041622411988451e-07
6.3943721096779089e-07
3.2543985456518653e-07
1.0878655621730825e-06
1.8308102646783411e-06
9.1586901345397655e-07
3.0066240475928856e-06
4.8531669349194137e-06
2.3989216488848451e-06
7.6165689105256222e-06
1.1664179350035381e-05
5.7207723899307817e-06
1.7290483682815251e-05
2.4798309900449522e-05
1.2151014640944731e-05
3.4244085317396322e-05
4.5343705617954924e-05
2.2421724218182465e-05
5.7462757496703275e-05
6.9279065627202889e-05
3.5028138888347069e-05
7.9461498914688267e-05
8.6281656270314672e-05
4.5279790906505081e-05
8.8726967231918748e-05
8.6311455892958984e-05
4.77044215349116e-05
7.9412263981691044e-05
6.9332336162758159e-05
4.082803943420282e-05
5.7418910238552546e-05
4.5371088038373632e-05
2.8658734611238101e-05
3.4233397862173229e-05
2.4796435000616719e-05
1.682617714292103e-05
1.7299477605433126e-05
1.165269739701229e-05
8.4717258048536937e-06
7.6275525914432889e-06
4.8441101216662046e-06
3.7530860337627139e-06
3.0134046267125837e-06
1.8260765312461171e-06
1.4979005146247804e-06
1.0909977370185606e-06
6.379305729233466e-07
5.4955415489147436e-07
3.7209038797891901e-07
1.9836724819633834e-07
1.9199326677625424e-07
9.1375268670047506e-08
1.666124177271102e-07
8.5028864663446943e-08
2.7742150583447252e-07
4.5974728647650609e-07
2.294582292641134e-07
7.4552478621547091e-07
1.189479536971038e-06
5.8782857317638879e-07
1.848980306196605e-06
2.8110368429330401e-06
1.3805204971551287e-06
4.1494127281153049e-06
5.9499036983796436e-06
2.9200163596343546e-06
8.2502494769974581e-06
1.1034269139503566e-05
5.453927356797795e-06
1.4206463491248229e-05
1.7528467542030166e-05
8.8133894436976224e-06
2.0722777943783135e-05
2.3369457255027854e-05
1.2092059522527481e-05
2.5151360047527417e-05
2.5771409877434345e-05
1.388641473488446e-05
2.5144789472343807e-05
2.3380625324212394e-05
1.325792450730635e-05
2.0710084587244063e-05
1.753974256338457e-05
1.0547659806240144e-05
1.4198488414500111e-05
1.1038412895818276e-05
7.0685370383871043e-06
8.2494023345241054e-06
5.948516232572094e-06
4.0584157988852645e-06
4.1519336527857659e-06
2.8082361795119074e-06
2.036643678190784e-06
1.8515384297041848e-06
1.1873994061069161e-06
9.1163831348978341e-07
7.4708469340679919e-07
4.5864690626989937e-07
3.709007228976386e-07
2.7793187447544263e-07
1.659220839734716e-07
1.3995345386784673e-07
9.1375268670047678e-08
3.9822400267496035e-08
7.1590389671137466e-08
1.1611496445240143e-07
5.393622262585524e-08
1.860768988912422e-07
2.9396734196431172e-07
1.3562551179048275e-07
4.5344897008750851e-07
6.8522320478923631e-07
3.1451153164189154e-07
1.0080894704294159e-06
1.4450864928997837e-06
6.6286287348224215e-07
2.0101166109037214e-06
2.709123353394982e-06
1.2495447697750372e-06
3.5301900437688273e-06
4.4335793370499513e-06
2.0722814375309791e-06
5.3636362687519802e-06
6.2278141464719907e-06
2.9768301452653437e-06
6.9422069222303181e-06
7.4094550371673494e-06
3.6571999469232387e-06
7.5740650550746423e-06
7.4108188065238425e-06
3.8124828881059021e-06
6.9398424749657257e-06
6.2305952064745958e-06
3.3667617303892142e-06
5.3610340248061507e-06
4.4355734739621449e-06
2.530957529627363e-06
3.5289872634944738e-06
2.7095750684036053e-06
1.6367991894690293e-06
2.0102363101083605e-06
1.4446200421660093e-06
9.2383503608252344e-07
1.0087023407205404e-06
6.8460654756656679e-07
4.6253241742247958e-07
4.5398837373785234e-07
2.9353721556100461e-07
2.0881605376186886e-07
1.863972488516412e-07
1.1589112437711561e-07
8.6325682335566633e-08
7.1577789268719108e-08
3.9822400267496174e-08
3.3130799598803992e-08
