6.8141718641595081e-07
1.0179851506334336e-06
8.9515934654602056e-07
1.2832142152081158e-06
7.8177355585405546e-07
2.0093684289594529e-06
1.9461464133548115e-06
3.1141750364657634e-06
1.7598909119735183e-06
5.0825949458555169e-06
4.6702138214848957e-06
7.0865632596118812e-06
4.0937313044917589e-06
1.1808750501506698e-05
1.0210217597732021e-05
1.4569202454820665e-05
8.6505711129757524e-06
2.478265481804131e-05
2.0000114360783733e-05
2.663999253970853e-05
1.634563727451527e-05
4.6089228675589558e-05
3.4496599433593233e-05
4.2664602960125619e-05
2.7168027229501546e-05
7.4396616922981515e-05
5.1540775284754104e-05
5.902641082535266e-05
3.910147776715657e-05
0.00010214947549411457
6.5835766072049799e-05
6.9771993703147836e-05
4.809917055944908e-05
0.00011739990868589228
7.1340343311989708e-05
6.9973304363389827e-05
5.0155236909323671e-05
0.00011205311643016892
6.5485409386816141e-05
5.944122237327038e-05
4.425600939819387e-05
8.9059132235865706e-05
5.1148751925416075e-05
4.2969565174728688e-05
3.3214925802013716e-05
5.96805495621939e-05
3.4307802200882729e-05
2.6716342348920147e-05
2.143556396581309e-05
3.4354955512293545e-05
2.0011220487880607e-05
1.4503346906484245e-05
1.207088916512909e-05
1.7345829464136967e-05
1.0300786585048492e-05
6.993300352724502e-06
6.0285514032454788e-06
7.8376556180388992e-06
4.7531654357212627e-06
3.0471071198197544e-06
2.7139914597465175e-06
3.2268246521971073e-06
1.9967114937640821e-06
1.2476605675008389e-06
1.1181802850644144e-06
1.3154797843640826e-06
8.9235541777008983e-07
5.2972969614866183e-07
5.5089188012862002e-07
9.9251173526138349e-07
1.7600890082298359e-06
2.9744697592845101e-06
2.4384573209784321e-06
4.0721666823204264e-06
7.7049495590818357e-06
6.2861358694605837e-06
1.0256987378539778e-05
1.9885001367257344e-05
1.5343778762899462e-05
2.3526941530135071e-05
4.6842631206595357e-05
3.3845993078903384e-05
4.8259175107775353e-05
9.8678623346283166e-05
6.6055887423441728e-05
8.68632363479402e-05
0.00018146334053831996
0.0001115528353891776
0.00013471869589649004
0.00028364211761451076
0.0001597422138857503
0.00017718207885263309
0.00036736865995776365
0.00019120561298985794
0.00019517740849036127
0.00038726161068831531
0.00019024089730838975
0.00017882985566540217
0.00033093561811089762
0.00015785345462528285
0.00013641828421218988
0.00023191790522108992
0.00011032600702468899
8.7526623045177613e-05
0.00013633034272568457
6.5888950744292596e-05
4.8079663431969461e-05
6.9042868034268143e-05
3.4209956990456007e-05
2.3108359587723824e-05
3.0906941776373092e-05
1.5734444691740702e-05
9.9339363677172516e-06
1.2505752237404877e-05
6.5318991464165346e-06
3.896565825622765e-06
4.6598746407142965e-06
2.5188933480421151e-06
1.6461810868845038e-06
2.2276582025933445e-06
1.2909364482214058e-06
2.8549300784495429e-06
4.805529449787298e-06
3.6977427771847453e-06
5.870323777585302e-06
1.0610839270064837e-05
9.2774764960412861e-06
1.6200423954436526e-05
3.0301990879695752e-05
2.5209064709002136e-05
4.1654009830145478e-05
8.0015909269020929e-05
6.2701009447631447e-05
9.6682345721407835e-05
0.00019145227830028705
0.00013951202698935352
0.00019804594368659522
0.00040464922378436147
0.00027028404642817313
0.00034971213241795341
0.00073234079003421226
0.00044311870247173263
0.00052078047695851542
0.0010956277629471031
0.00059985828942326941
0.0006420111105398113
0.0013116601453285973
0.00066107779768688956
0.00064635451544284208
0.0012346283635524965
0.0005926344363733451
0.00052868702133407851
0.00091936667180389118
0.0004364927657503374
0.00035397706362262724
0.00055622930344073314
0.00026848525860460664
0.00019793060697973213
0.00028319805922230015
0.00014076079162055207
9.4992834205792729e-05
0.00012548864199799994
6.43652141216252e-05
4.0252480032897879e-05
4.9782666561600869e-05
2.6276745550078194e-05
1.5443666520492398e-05
1.8087933974388373e-05
9.7850384411822835e-06
5.627324196620818e-06
6.5801277400813517e-06
3.9781501025016781e-06
2.233317039635428e-06
4.7174324993375445e-06
8.4402820874872703e-06
1.3636138036948113e-05
1.2208822977809424e-05
2.2144078407930129e-05
3.9865171530213087e-05
3.5772260491775363e-05
6.3723040524477152e-05
0.00011744716894645856
0.00010006835515114984
0.00016796884288414367
0.00031867754163287447
0.00025469596710048237
0.00039550492031090699
0.00077703459253132285
0.00057286701738487513
0.00080807978138313936
0.0016487518334370663
0.0010986407015778415
0.0013907524233543354
0.0029205043711663069
0.0017299451326717973
0.001963742317323167
0.0041123792698425782
0.0021718662123408391
0.0022262227246003241
0.0044151685707401155
0.002151528903784965
0.0019963472263168618
0.0035773668911416451
0.0016964733094702086
0.001416103053683733
0.0022511258344905033
0.0010849988829460533
0.00081125020282811358
0.0011544360922803153
0.00057653679740679283
0.00038874487899405647
0.00050522314673078763
0.00026186464881546338
0.00016180968124283965
0.00019573355598505055
0.00010475076097628722
6.0447894917724058e-05
6.9043674224575986e-05
3.7926672239488605e-05
2.0792410723380071e-05
2.265675686979631e-05
1.2863595846413837e-05
7.8028845650153661e-06
9.6966331798366329e-06
5.9153362142222955e-06
1.1363853836852925e-05
1.8114702902450739e-05
1.5315568525802294e-05
2.6188298971453457e-05
4.4839435483561018e-05
4.3358397590341279e-05
8.2688716670129036e-05
0.00014602019336803715
0.00013515652554934741
0.00024669679280896043
0.00044604796304713377
0.00039144809393096692
0.00067046318554512619
0.0012500237008359789
0.0010253495495840714
0.0016067424903378393
0.0031184360562440342
0.0023383323003958231
0.0032664488617781626
0.0066461536374618595
0.0044182515496509617
0.005423247048660873
0.011420508414477282
0.006565651102053649
0.0071299116363865156
0.014709175126175013
0.0074277675861135171
0.0072302040507837492
0.013496195339460761
0.0064132290972707742
0.005565681009800736
0.0089894365377615817
0.0043259061775896557
0.0033019329593004729
0.0046576655354918194
0.002344373366106752
0.0015799882354419481
0.0020078144168163307
0.0010568231206380795
0.00064288769722615395
0.00075605777441196346
0.00041222511348669292
0.00023247699152207822
0.00025757466774228139
0.00014425223358577544
7.71555594572319e-05
8.147370351747153e-05
4.659702862712186e-05
2.4635994470440225e-05
2.6183686574760738e-05
1.662453245626185e-05
9.2641116652338542e-06
1.6740938522029297e-05
3.0029144287093592e-05
4.6018236018687252e-05
4.5698903898358121e-05
8.981296519609117e-05
0.00015218379119094931
0.00015276608958533224
0.00029949989096920027
0.00051645619901817259
0.00049615665187428284
0.00093315471181879342
0.0016451296179901985
0.0014979127189863294
0.0026350860426688407
0.0047889745469047555
0.0040688117511719791
0.0064539980539031067
0.012270289487038469
0.0094490388208321105
0.012983549580631887
0.026256135129440653
0.017433602867495165
0.020445129780523777
0.043090658349285688
0.023697850792643374
0.024381335847826119
0.048067177224255325
0.023166903199910063
0.021187367284073735
0.035027700137812867
0.016836323374038412
0.013278175274940837
0.018435113170680584
0.0094142530439554131
0.0063491764774986671
0.0078110188319144118
0.0042117600740247726
0.0025082582164169497
0.0028445279666178512
0.0015913321924323808
0.00087147387702733985
0.00093042707992206826
0.00053402734748357562
0.00027741418015414911
0.00028220651238389867
0.00016516740686543005
8.3046193958873137e-05
8.1157928477504945e-05
4.8861401926946375e-05
2.7666967557194333e-05
3.0984630153976363e-05
2.0015360863196073e-05
3.1954734325435785e-05
4.7969331346828028e-05
4.5500145582314346e-05
8.2329169643510357e-05
0.00013235960174573752
0.0001441105570265176
0.00029659923148180457
0.00048935349537105786
0.00051368005696985665
0.0010377383381360715
0.0017381213031851354
0.0017461088432239357
0.0034058466875042069
0.0058082384197853387
0.0055344366098293851
0.010098484961134677
0.017652178549527317
0.015741916240458537
0.025402647178726839
0.046410534536874437
0.037460186832895592
0.049827240316745819
0.099120632190943914
0.066135003245121254
0.072350172353724429
0.15036941297096318
0.07742973616151827
0.075458291476664996
0.12945744651652252
0.062373879589169096
0.052136648292780863
0.06994547922165556
0.036883308124457698
0.024987712003890716
0.029252366350235731
0.016432501027225335
0.0094930603682528217
0.010274762057853312
0.0059587789731458014
0.0031418906403946015
0.0032072609260068736
0.0018986402677832921
0.00095380101977978436
0.00092787773731508932
0.00055832958800846526
0.00027341806072100374
0.00025553796917168379
0.00015593373543211476
7.6982613730519682e-05
7.3054309728225051e-05
4.9112499428342812e-05
2.7547736155423403e-05
4.0863398101012149e-05
7.1844317019582459e-05
0.00010336592678197024
0.00011636710662466437
0.00023976610619808015
0.00037887767745827276
0.00043551512602998466
0.00091286369970097888
0.0014588835426968946
0.0016176900821966598
0.0033618366410128296
0.0054371374542527551
0.005765036586631838
0.011718520589873868
0.019160595503511471
0.019262858841879477
0.036977326740238875
0.060879266570492196
0.057865503327408974
0.095827954040916485
0.15939122713815856
0.14210513742370368
0.17385250626570059
0.32292382416072107
0.22543367884900445
0.22588288140689317
0.40598488960858559
0.2044335230194132
0.19290405123194687
0.23327283613448979
0.13601358700803867
0.093957623182270134
0.10163809290016723
0.061582796484992153
0.033966767609926563
0.034754982870955298
0.021168658440464852
0.010644479773872464
0.010300894346706176
0.0063325989874882874
0.0030732451470874833
0.0028310115475087202
0.0017609337748578377
0.00084286282379527743
0.00074580704311099852
0.00046937463269519403
0.00022349944720253265
0.00019150745105861921
0.00012347864481580123
6.7403347123684999e-05
6.6472269148245666e-05
4.5748694500179692e-05
5.8210072176680892e-05
8.1656038810800757e-05
8.9072591603181446e-05
0.00016282906583352474
0.00024229011401887218
0.00030586021826379975
0.0006429037133025982
0.00097843816841801812
0.0012049830631309499
0.0025387052024852686
0.00389984609742265
0.0046434588199418536
0.0097955884509471035
0.015190636774429819
0.017252883980879583
0.036256208425028663
0.056486178371734502
0.06014450561189838
0.12279762335062372
0.18667003861141251
0.18698659595778055
0.32141828011168339
0.39669167239777581
0.46218147338661586
0.3801707616866663
-0.26209548611627032
0.4502353669358965
0.54852026563885126
0.28935948777499299
0.39224309185546025
0.30718258223658856
0.30186593505270309
0.20987805261557635
0.10805560018305627
0.105150601237192
0.067835225730834475
0.032551080841472596
0.029537892135919092
0.018978729555539489
0.0090031548411752087
0.0077264571405894662
0.0050053416937891095
0.0023736219727594366
0.0019574720885359954
0.0012803707163020935
0.00060840420092885721
0.00048750658426252483
0.000321688892611124
0.00015609997939842508
0.00012879654516777819
9.3048398452029381e-05
5.4147814948193586e-05
6.3625317754971141e-05
0.00010597394744964059
0.00014009953047040472
0.00018406233278876326
0.00037287985779258046
0.00053715826446711968
0.00073580221020329902
0.0015170188773449122
0.0021942630167930697
0.0029609407422891507
0.006105756943279389
0.008877758129873306
0.011697572102975867
0.024101520057560444
0.035274147229245309
0.044531253175692759
0.091322141358894438
0.13450386723907037
0.15458154798902768
0.3086310273160231
0.44688545686168091
0.38483467078733602
0.10585540282890982
-1.1035458130448417
-1.3617379911997132
-3.4658066879328331
-7.92892890927636
-1.5404909738157766
0.34566818076792227
0.63683083701914445
0.48940404443467767
0.26356910513080445
0.25315688169194028
0.17202065355156071
0.084502679345073606
0.069424600548559812
0.047268366685655566
0.02297521348772763
0.017751809978643021
0.01217089790860474
0.0059033699091919564
0.0044205567794864745
0.0030487189168960094
0.0014784967318293976
0.0010866371730988943
0.000752875540321767
0.00036524944510885667
0.0002651615274300574
0.00018725297586604504
0.0001041442173998656
8.8320076543535963e-05
6.5421480258008163e-05
6.4773744417902956e-05
8.3880117908143254e-05
0.00010709992925004468
0.00018727467179556153
0.00024988503135039823
0.00037733806820519828
0.00075092370677905642
0.0010141392996242927
0.0015375041540027076
0.0030330264873887434
0.0040700332025546317
0.0061995287565546446
0.012045047406477896
0.016014605126008608
0.024519069810151659
0.046199094510284644
0.060518908043258518
0.092950806540131437
0.16173250783517457
0.20557173219036273
0.30981682285140444
0.38013364484009182
0.43443135477103878
-0.062291223683791586
-2.4734296839540217
-0.97766762847407573
-6.3251786060394384
-2.545079761893561
0.15313401878094357
0.16519283014365982
0.46918206638637994
0.33761630063838544
0.27467482542782196
0.17460820712983582
0.11401545831284887
0.088071495905816144
0.048119953465517479
0.031360131422282389
0.023738716667855292
0.012370053099666344
0.0081002054239595507
0.0060614735757772258
0.003092604368118276
0.0020352732217046744
0.0015114598425033047
0.0007624307642807868
0.00050394657834650276
0.00037220841814772213
0.00018941614737396305
0.00013255962409190378
0.0001058753374904772
6.5971304050455693e-05
6.025599298099368e-05
9.2957727409635088e-05
0.00010936132219469322
0.00016953965239514454
0.00032099722787748636
0.00040408790519176206
0.00067307311860547369
0.0012736423872779339
0.0015721376476384814
0.0026778803556104271
0.0049531436436098947
0.005940955448186399
0.010440504428070818
0.018619182555652994
0.021332656672154726
0.039242260595186484
0.065785115848311593
0.069402324232922086
0.13632692362534743
0.20654772985385406
0.18450061130541417
0.3708292974463383
0.51509957423074626
0.36587960233686245
0.34495248940290679
0.41579475384222064
0.47043403889514712
0.60778343750716513
0.44194353236846862
0.26753720330030339
0.33996213397278718
0.23744588424925128
0.11713219738954861
0.11889576998685114
0.074228557380892846
0.039140176946789923
0.035363798512314915
0.020367443381433314
0.011353598249796142
0.0096565903873766928
0.0053048259942509272
0.0030703815811006178
0.0025196395424700382
0.0013451233603804401
0.0007992698932339018
0.00064064789982058723
0.00033576690840828581
0.00020339112991203234
0.00016328909715891888
9.6620103294125484e-05
7.0077289075919113e-05
5.6555597738556449e-05
4.3733637997704712e-05
5.1812461822153745e-05
7.6584083584155694e-05
0.00012493398186054716
0.00014437722654622037
0.00025780362173674176
0.00047203620637216361
0.00054008692592767259
0.000992222259400901
0.0017735394016752028
0.0019467254976477579
0.0037072454194306912
0.0064126040276084595
0.0066251389497279309
0.013183389405802562
0.021828278814195204
0.020572523285074445
0.04278968883599199
0.067236165283419136
0.055298954802807582
0.11485065818633455
0.17129356983223143
0.12081593131323443
0.21074446168139116
0.27838125622255072
0.18834582264344113
0.27516094591899409
0.24648624034553746
0.16017735999092952
0.23701988516239481
0.16502458573787171
0.084232983121283578
0.11100953398940383
0.072514962323179499
0.034476969002620594
0.038933630187716478
0.02412454751923418
0.011842879425146675
0.01194336247527563
0.0070473636509286279
0.0036234397127819593
0.0033923293573229658
0.0019268269692306935
0.001031202103842401
0.00091848839120960233
0.00050723984687083782
0.00028028890969072082
0.0002410742771292323
0.00013220051763416704
7.9282804052148692e-05
7.2107030645721657e-05
4.8571255135564334e-05
3.47429506805313e-05
4.9803598005490976e-05
5.1092148761868632e-05
9.04458534423529e-05
0.00015936575967565264
0.00017103007789500476
0.00032982126551614238
0.00057521792594476991
0.00058885303666352559
0.0011720204449606505
0.00198577927276698
0.0019080666400417834
0.0039235452022295669
0.0064174555660582062
0.005664446212979575
0.01192611223469689
0.018709832539106991
0.014828907443892571
0.030849669722169112
0.045887013813170063
0.032470450448683977
0.061854372273768693
0.083179497367272814
0.054497391004138945
0.090796234226987904
0.097648348861802903
0.061187452748324572
0.095352989122137355
0.077898888751147477
0.043834777504726474
0.064830154000222878
0.045357230031049051
0.022532584826149088
0.030135294169058302
0.019678872810663633
0.0093370719938632787
0.011136101896290128
0.0069460266662974626
0.0033307351870022588
0.003605937659060721
0.0021643668153351553
0.0010695948683590059
0.0010759061777214527
0.00062541003797501448
0.0003193501910656424
0.00030416406121742587
0.00017227992129364099
9.0635283593178823e-05
8.4647609722464173e-05
5.3650702704533237e-05
3.4214481958572344e-05
3.0159160830371407e-05
1.8711196515913484e-05
2.0401260094086659e-05
3.3539054775539307e-05
5.1340548268518618e-05
5.1104214356904274e-05
0.00010161886620189048
0.00017388066161185868
0.00016872586214110438
0.0003440581880511575
0.00057342134087477997
0.00052359957608869565
0.001091752306190112
0.0017632388032973395
0.001493583461433556
0.003149426471259039
0.0048952129930158184
0.0037986677202317808
0.0078926540222551377
0.011649805478322839
0.0082610604161716603
0.016206769599318889
0.021981397638225778
0.014466455327787127
0.025880865393826863
0.030219122748172053
0.018839047883219218
0.03109082650749051
0.029460558140934678
0.017217243767776176
0.026916827454522077
0.021182452678782812
0.011284873286394166
0.016568243563043129
0.011638814322187961
0.0057309961451187663
0.0077314740582222069
0.0050918370986281561
0.0024218904772865951
0.0029836518758109207
0.0018811177875596883
0.00089520125399513741
0.0010160423430977568
0.00061885855719733917
0.00029990664664221965
0.0003180655139980444
0.00018823629331265232
9.3474386662736626e-05
9.3897343317029278e-05
5.4926152060909582e-05
2.9657299652150441e-05
3.0920454125739396e-05
2.2240225649180795e-05
1.287479628850342e-05
1.7437361122675928e-05
1.5714653344479211e-05
3.0030652598836728e-05
4.9980256964993886e-05
4.653919663329413e-05
9.6184322292240611e-05
0.00015807275213528362
0.00013910833088179748
0.00029173798266908134
0.0004655607183482232
0.0003835135359554953
0.00080764195073845845
0.0012428789998552127
0.00095122829052044812
0.0019732940472768435
0.0028926979436543591
0.0020540335029551569
0.0040846800670871711
0.0055705291392091558
0.0036983019147216866
0.0068781799090627989
0.0083858983326995304
0.0052688096868060384
0.0091208901417230356
0.009518677166689464
0.0056718184198064417
0.0092616258342096067
0.0081750267002899876
0.0045606180228754956
0.0070703373616686147
0.0054512351618761813
0.0028283604521962703
0.0041255069659126148
0.002906275225517627
0.0014256869932510203
0.0019346728375078089
0.001285424780167437
0.00061315684582484604
0.00077171006728648595
0.00049190742795538096
0.00023364788597489156
0.00027410296155136048
0.00016914096947625006
8.1172384331313968e-05
8.9561619250778956e-05
5.3800538503073249e-05
2.6274422468234467e-05
2.8207350207928395e-05
1.8934049886426213e-05
1.1111630997017382e-05
1.0548301065010851e-05
5.4600719980458871e-06
5.5905530847994449e-06
9.7767428265494602e-06
1.4210689929737975e-05
1.2487667678715414e-05
2.6002836058239837e-05
4.2215564026522226e-05
3.6137969424667965e-05
7.5949034012821518e-05
0.00011989841732135186
9.6805704246545404e-05
0.00020345670862605635
0.00031028811612155642
0.00023515861220407385
0.00048712265378423594
0.00071012203631246789
0.00050470474584427211
0.0010111579517292878
0.0013843342481170522
0.00092662277926137742
0.0017635335319017148
0.0022076070286667551
0.0014020351939101009
0.0025132275146373638
0.0027892328611480565
0.0016878602843728068
0.0028603927879241407
0.0027610590008044431
0.0015856968643909548
0.0025579735153357114
0.0021624212650408776
0.0011704931310149848
0.0017968590760670342
0.0013672956408861065
0.00069892012367432513
0.0010141595907344142
0.00071588621851021795
0.00035053681454400866
0.00047771828666659652
0.00031984859920236813
0.00015296291252272359
0.00019546435181183228
0.00012584529903872827
5.9790685991740295e-05
7.1864457633569022e-05
4.4859916935912573e-05
2.1425831895041805e-05
2.4367197970009356e-05
1.500251878242059e-05
7.6966462723357455e-06
9.0300178775901282e-06
6.817136134860557e-06
3.3391645002105856e-06
4.3403101829639858e-06
3.5236747726024668e-06
6.9443778798812826e-06
1.1025135982505716e-05
9.2385275828939527e-06
1.9423447514516723e-05
3.0372111443134709e-05
2.4154442741660539e-05
5.0661276272228207e-05
7.666228767721944e-05
5.767492508481999e-05
0.00011932156153425175
0.00017317018904425036
0.00012315884085859001
0.00024787153181181267
0.00034033467190788098
0.00022939298010321541
0.00044308869245597332
0.0005646317347501571
0.00036239273868590781
0.00066600607936915645
0.0007701971609104922
0.00047255399569990481
0.00082544840014461395
0.00085071990907017699
0.00049886253575951974
0.00083140832467344748
0.00076035017431104858
0.00042450149692267064
0.00067666018648020881
0.00055586228312001144
0.00029484615432371838
0.00044856517653971552
0.00033819718086326267
0.00017127108563363253
0.00024749655184523492
0.00017496897356782549
8.5591141521758004e-05
0.00011702517092963355
7.8859023860752836e-05
3.7795977225364689e-05
4.8849913621584696e-05
3.1728227267072273e-05
1.5091192038680986e-05
1.8476700828071931e-05
1.1651570951601319e-05
5.5528384567231766e-06
6.6430502709922205e-06
4.6751429547708848e-06
2.6256147148241628e-06
2.6220952543634269e-06
1.1797710583295021e-06
1.2136798458633722e-06
2.0939972230999715e-06
2.9132739874183423e-06
2.4201508450229389e-06
4.904985682447922e-06
7.6059929605679385e-06
6.1944732456770504e-06
1.2514220416323671e-05
1.8810978689379705e-05
1.4568524102488419e-05
2.9080276010150038e-05
4.2051217216460538e-05
3.0948196701996206e-05
6.0402937289144988e-05
8.3121391562488887e-05
5.8219903568504177e-05
0.00010995056545981942
0.00014192495282288914
9.4911637889934166e-05
0.00017207945395308021
0.00020486782604598505
0.0001312525199409617
0.0002276990184313716
0.00024620802214150839
0.00015134853638802546
0.00025141932614917322
0.0002448939071047864
0.00014429353193875111
0.00022993263226827958
0.00020232915473817063
0.00011407184734907436
0.00017433445822396122
0.00014032993747326543
7.5782331808112088e-05
0.00011077931672276133
8.2951963067815653e-05
4.3154642614862338e-05
6.0125444127634989e-05
4.2555402150552688e-05
2.153084927952639e-05
2.8520143325923508e-05
1.9322603390895648e-05
9.6103827707037788e-06
1.2098194243499295e-05
7.9179743988336049e-06
3.9092990406302974e-06
4.6849096411265793e-06
3.0153477156123685e-06
1.5755842203643391e-06
1.9559304723722521e-06
1.5291983970349398e-06
8.1612426033437623e-07
1.0751314092886735e-06
9.4297395104326069e-07
1.551187356136421e-06
2.3638138981975386e-06
2.1471653478582808e-06
3.8090350358152375e-06
5.7403686424122125e-06
5.0531587361439401e-06
8.7707587842066696e-06
1.2700430422333934e-05
1.0801436829464278e-05
1.8238980742921137e-05
2.5163054345236823e-05
2.0631412102352026e-05
3.3700051600669652e-05
4.3842024413109072e-05
3.4615863497602882e-05
5.4446310740605109e-05
6.6025277656710685e-05
5.0183343872544538e-05
7.5811267115980766e-05
8.476023594545219e-05
6.1999272050594211e-05
8.9925894221627197e-05
9.1994031696965691e-05
6.4707467514140278e-05
9.0198648092925835e-05
8.4287346492533749e-05
5.6945038197483104e-05
7.6367479116501826e-05
6.5504828867544833e-05
4.2487799536251742e-05
5.4845138123043853e-05
4.3601468358238292e-05
2.7189598157197832e-05
3.379039460239438e-05
2.5186994186164613e-05
1.515570780124338e-05
1.8145690596166234e-05
1.2823004480558837e-05
7.4847081898517048e-06
8.6474273396727701e-06
5.8482493724809802e-06
3.3305592177287902e-06
3.7230097551538141e-06
2.4278838902773413e-06
1.356398430419902e-06
1.5064193410791767e-06
1.0726113288050029e-06
6.6163131130283262e-07
6.3592354260616407e-07
