-1.0883885140781353e-06
-2.1629165129436454e-06
-1.7997906633880347e-06
-2.9286948542730819e-06
-1.4554672501434212e-06
-5.8849359329295675e-06
-4.6825587549676199e-06
-7.344051574304906e-06
-3.6192178803714143e-06
-1.4892611100083526e-05
-1.1278761380124563e-05
-1.6929166435176127e-05
-8.2979129280090159e-06
-3.4533844690530585e-05
-2.4784694831282732e-05
-3.5317413210246673e-05
-1.7293827197914287e-05
-7.2123051209431864e-05
-4.8877067038891548e-05
-6.554999924283727e-05
-3.2260119020089092e-05
-0.00013310987490905231
-8.500412191643184e-05
-0.0001063627178776303
-5.3017122703077507e-05
-0.00021292114814287186
-0.00012816428107531458
-0.00014846159585457636
-7.5631874145329426e-05
-0.00029001201401096489
-0.00016508187981939206
-0.00017601423036107524
-9.2535491063145707e-05
-0.00033193683137501816
-0.00017983075671654486
-0.000176014230361075
-9.6382590996297256e-05
-0.00031727160066529132
-0.00016508187981939206
-0.00014846159585457636
-8.5329461956825666e-05
-0.00025378314374519288
-0.00012816428107531458
-0.00010636271787763044
-6.4507137719487626e-05
-0.00017158985335886617
-8.500412191643184e-05
-6.5549999242837378e-05
-4.2057190804549583e-05
-9.9629020144037959e-05
-4.8877067038891541e-05
-3.5317413210246673e-05
-2.3973364689634925e-05
-5.0622403627617004e-05
-2.4784694831282732e-05
-1.6929166435176147e-05
-1.2134429883178418e-05
-2.2950828159038686e-05
-1.1278761380124568e-05
-7.3440515743049043e-06
-5.5407588852361793e-06
-9.4552005164578148e-06
-4.6825587549676318e-06
-2.9286948542730777e-06
-2.3166331705383036e-06
-3.5971703134871933e-06
-1.7997906633880366e-06
-1.0883885140781376e-06
-8.9889176196635337e-07
-2.5236681837676951e-06
-4.2876867506225896e-06
-8.4759115887323554e-06
-7.1749310791645576e-06
-1.1806432592122627e-05
-2.3642928733742677e-05
-1.9070160816604952e-05
-3.0176978753210803e-05
-6.1093705087658472e-05
-4.6682607602547897e-05
-7.0434814701421448e-05
-0.00014363196137534028
-0.00010339417491195233
-0.00014728024633978059
-0.00030074424810153913
-0.00020302701132792291
-0.00027010266756425624
-0.0005476027201026856
-0.00034585355227651654
-0.00042513409853918172
-0.00084622438257802115
-0.00050051698909934399
-0.00056326953702806994
-0.0010864776966666226
-0.00060501667020225599
-0.00061967510493170404
-0.0011430160064781485
-0.00060501667020225513
-0.00056326953702806994
-0.0009823970817714237
-0.00050051698909934399
-0.00042513409853918172
-0.00069584399218527201
-0.00034585355227651691
-0.00027010266756425624
-0.00041360637966683558
-0.00020302701132792362
-0.00014728024633978051
-0.00021117496483063242
-0.00010339417491195233
-7.0434814701421448e-05
-9.4907599246813498e-05
-4.6682607602547944e-05
-3.0176978753210752e-05
-3.8410952274947143e-05
-1.9070160816604945e-05
-1.1806432592122653e-05
-1.4277935419131611e-05
-7.1749310791645585e-06
-4.2876867506225947e-06
-4.9546936789788502e-06
-2.5236681837677002e-06
-5.545771078134108e-06
-1.071582274378347e-05
-9.6913626918925995e-06
-1.6701479139166228e-05
-3.2788356389370094e-05
-2.8336898435107189e-05
-4.7245917049307286e-05
-9.4179260242170161e-05
-7.7246121922275538e-05
-0.00012355679695387814
-0.00024957661902201491
-0.00019284039085875086
-0.00029283386804427171
-0.00059686939287585325
-0.00043130101997677255
-0.00061408578021747103
-0.0012538196875003656
-0.00084228350216124085
-0.0011090215325984328
-0.0022430937225666287
-0.0013969598151370665
-0.0016780663761954942
-0.0033122419457327261
-0.0019170063847954906
-0.0020782786742150846
-0.0039351736957802677
-0.0021353256955782668
-0.002078278674215085
-0.0037141099508369419
-0.0019170063847954906
-0.0016780663761954942
-0.0027969937390706161
-0.0013969598151370665
-0.0011090215325984334
-0.0017144745249211149
-0.00084228350216124085
-0.00061408578021747103
-0.00088086328256974772
-0.00043130101997677223
-0.00029283386804427171
-0.00039156014571708634
-0.00019284039085875086
-0.00012355679695387833
-0.00015506038708634851
-7.72461219222757e-05
-4.7245917049307246e-05
-5.606547152457563e-05
-2.8336898435107253e-05
-1.6701479139166234e-05
-1.8875835811824978e-05
-9.6913626918926147e-06
-5.5457710781341004e-06
-1.1450081396188286e-05
-2.0593433257709346e-05
-3.9330228572634105e-05
-3.6585308930120766e-05
-6.4095744882801994e-05
-0.00012467488898645126
-0.0001105280484933027
-0.00018719182929467486
-0.00037078872179795939
-0.00031058504561207748
-0.00050339007948515895
-0.0010135307833857863
-0.00079440471410422103
-0.001216188976970848
-0.0024771661742399738
-0.0017989713772119278
-0.0025598204477691611
-0.0052256984219315687
-0.0034878518433646222
-0.0045294920353997495
-0.0091276559597686328
-0.0055814555847027202
-0.0065002446902834229
-0.01266390473226129
-0.0071322949210613149
-0.0073580748845789353
-0.013544045090003745
-0.0071322949210613183
-0.0065002446902834229
-0.01109083078769268
-0.0055814555847027202
-0.0045294920353997495
-0.0070904773390272667
-0.0034878518433646248
-0.0025598204477691655
-0.0036738782213845758
-0.0017989713772119278
-0.0012161889769708471
-0.0016100885680310354
-0.00079440471410422103
-0.00050339007948515895
-0.00062048426972984721
-0.00031058504561207797
-0.00018719182929467462
-0.00021697548039038942
-0.00011052804849330262
-6.4095744882802143e-05
-7.0511175939156124e-05
-3.6585308930120786e-05
-2.059343325770938e-05
-2.1673872052866717e-05
-1.1450081396188269e-05
-2.1996729840603898e-05
-4.0564783296678421e-05
-4.0711430411909608e-05
-7.4577381721295538e-05
-0.00014024179367074326
-0.00013500929105923223
-0.00024109988431591888
-0.00046304708465729058
-0.00042381117298100925
-0.00073144585708853735
-0.0014357638234820808
-0.0012357083817085028
-0.0020362454253827563
-0.0040799964823769316
-0.0032592647261909849
-0.0050431243671687862
-0.010260715661887429
-0.0075025001117292045
-0.01066666695561439
-0.021769449190135716
-0.014401094640445082
-0.018345020332652059
-0.036741679331754519
-0.021918253975792418
-0.024441381627562923
-0.04659413328182669
-0.025355038867927584
-0.024441381627562882
-0.043004631544734689
-0.021918253975792418
-0.018345020332652059
-0.029214181635503253
-0.014401094640445082
-0.010666666955614404
-0.015320130723149052
-0.0075025001117292175
-0.0050431243671687862
-0.0065873985805376583
-0.0032592647261909836
-0.0020362454253827563
-0.0024514995714650682
-0.0012357083817085028
-0.00073144585708853822
-0.00082287864607075026
-0.00042381117298100854
-0.00024109988431591879
-0.00025653268691761346
-0.00013500929105923255
-7.4577381721295416e-05
-7.579687866247987e-05
-4.0711430411909656e-05
-2.1996729840603864e-05
-3.8907939340656479e-05
-7.4015824585794599e-05
-0.00013341377152161949
-0.00013968523543930918
-0.00026118188012460376
-0.0004809324021189538
-0.00048306657541450119
-0.00088205283991612876
-0.0016637682267711094
-0.0015862360597178971
-0.0028012489919367256
-0.0054245722649464588
-0.0048403724235606292
-0.0081475165478486593
-0.01619999444810739
-0.013287537683820802
-0.020859763207116244
-0.042362348797878591
-0.031281404125527379
-0.044419983841695619
-0.090612565352063093
-0.059168173672505653
-0.073239085260026107
-0.14502718383441207
-0.08355803211558531
-0.087370406808642526
-0.16016425289415412
-0.083558032115585185
-0.073239085260026107
-0.11956441413409619
-0.059168173672505653
-0.044419983841695619
-0.063865403834855797
-0.0312814041255274
-0.020859763207116282
-0.026732960015868491
-0.013287537683820802
-0.0081475165478486523
-0.0094999937911449117
-0.0048403724235606292
-0.0028012489919367256
-0.0030310120732359447
-0.0015862360597178994
-0.00088205283991612767
-0.00089997978228075425
-0.00048306657541450086
-0.00026118188012460436
-0.00025439499722901016
-0.00013968523543930923
-7.4015824585794721e-05
-6.9458191857184245e-05
-3.8907939340656567e-05
-6.2676192549500427e-05
-0.00010755427132224942
-0.00012224543128452794
-0.00023712109667585739
-0.00041464770446870936
-0.00045696289426966634
-0.00087382550786335581
-0.0015627727302276941
-0.0016554792060066888
-0.003101127505961344
-0.0056967646565521026
-0.0057294867361189702
-0.010406372798738912
-0.019726187650222354
-0.018502866517519652
-0.032029577234309006
-0.062849447552611598
-0.053596816035114986
-0.085904928491019106
-0.17384234115112054
-0.13037154447638002
-0.18476735660781063
-0.3765315936866373
-0.2408202120116377
-0.28442773093101015
-0.54968853429575781
-0.30106788736039652
-0.28442773093100965
-0.48262661950454427
-0.2408202120116377
-0.18476735660781063
-0.26607776547978579
-0.13037154447638002
-0.085904928491019369
-0.10694154016717761
-0.053596816035115041
-0.032029577234309041
-0.035679242675326961
-0.018502866517519645
-0.010406372798738912
-0.010685683371288326
-0.0057294867361189702
-0.0031011275059613479
-0.0029989117522667397
-0.001655479206006689
-0.00087382550786335559
-0.0008077075780700898
-0.00045696289426966753
-0.00023712109667585785
-0.00021167609822023123
-0.0001222454312845281
-6.267619254950044e-05
-9.0975605734580417e-05
-0.0001811971884002202
-0.00029893241777633655
-0.0003597494067918343
-0.00071154276319975655
-0.0011945580048684356
-0.0014009130548817026
-0.002742765926297222
-0.004706537315872816
-0.0053328119443677921
-0.010278917688028778
-0.018137551336339906
-0.019594220964327932
-0.036819544954683564
-0.067343462816137289
-0.067891535160738217
-0.12204663624734832
-0.23351306475865063
-0.21191953147406423
-0.35071158742484454
-0.70407358354670735
-0.54286574328714043
-0.76658262999793858
-1.5580472531655438
-0.95936294625399376
-1.0374436392195692
-1.8794114375965738
-0.9593629462539921
-0.76658262999793858
-1.1069759217556556
-0.54286574328714043
-0.35071158742484454
-0.41565424842934573
-0.2119195314740645
-0.12204663624734843
-0.12686545841596683
-0.067891535160738273
-0.036819544954683557
-0.03516131972470863
-0.019594220964327932
-0.010278917688028778
-0.009271510887706072
-0.005332811944367799
-0.0027427659262972224
-0.0023762506987410692
-0.0014009130548817022
-0.00071154276319975829
-0.00059842379280026202
-0.00035974940679183435
-0.00018119718840022041
-0.00014897493647959839
-9.0975605734580444e-05
-0.00011786731086858642
-0.00018289004161772463
-0.0002383943293111262
-0.00048154578070824051
-0.00075496509538410114
-0.00097118578323599684
-0.0019549699497246895
-0.0031058994152565302
-0.0039260299460334375
-0.0078610125594101646
-0.012710123776339411
-0.015680238047709731
-0.03112202130319983
-0.051552829006678152
-0.061360626292740389
-0.11987345444760805
-0.20565662778012703
-0.23113728200174544
-0.43710634545800597
-0.79108556003735875
-0.80211154252129946
-1.4016381524771604
-2.7456422482696601
-2.2549534614782227
-3.1559019912199981
-6.3381844768245914
-3.5749056931759671
-3.155901991219995
-4.5829123251327504
-2.2549534614782227
-1.4016381524771604
-1.5058505618592408
-0.80211154252129946
-0.43710634545800664
-0.40609618997393626
-0.23113728200174563
-0.11987345444760816
-0.10326166505435055
-0.061360626292740347
-0.03112202130319983
-0.025634824066340659
-0.015680238047709731
-0.0078610125594101906
-0.0062882364998504458
-0.0039260299460334384
-0.0019549699497246882
-0.0015320816249088118
-0.00097118578323599912
-0.0004815457807082416
-0.00037171308920562045
-0.00023839432931112661
-0.00011786731086858645
-0.0001353178835235779
-0.00027602224437375063
-0.00040393570213908761
-0.00056292481119150179
-0.0011477743475243325
-0.0016853308571914926
-0.002339588442868923
-0.0047672581047102508
-0.0070313950097702334
-0.0097096261719609167
-0.019764368812293674
-0.029333962039996289
-0.040200040830762382
-0.08167866376225541
-0.12236330359673812
-0.16570484968467944
-0.33541807002115176
-0.51030490876406531
-0.67654504570179819
-1.3563357070232813
-2.1268259625754293
-2.6876180985019937
-5.1857906997951968
-8.8360852285589111
-9.2490238331429477
-12.318693981984286
-17.786823725426974
-9.2490238331429406
-5.1857906997951968
-4.3388320004122667
-2.6876180985019937
-1.3563357070232813
-1.0419296277792893
-0.67654504570179952
-0.33541807002115209
-0.2498958735670993
-0.16570484968467958
-0.081678663762255382
-0.059912743230938703
-0.040200040830762382
-0.019764368812293674
-0.014361852605041792
-0.0097096261719609393
-0.0047672581047102421
-0.0034424362679421217
-0.0023395884428689222
-0.0011477743475243355
-0.00082508815604243556
-0.00056292481119150288
-0.00027602224437375095
-0.0001977522498148056
-0.0001353178835235779
-0.00013709465939625362
-0.00018785178567601269
-0.000279873939101932
-0.00057130581836630108
-0.0007782770082381458
-0.001166088348606358
-0.0023798024200432171
-0.0032171432584426458
-0.0048560559610002739
-0.0099069889923513767
-0.013251713840764441
-0.020206428770395163
-0.041199392665886764
-0.054260401980405049
-0.083963548676903213
-0.17100306973527243
-0.21968823685919023
-0.34792711213237859
-0.70679003574284227
-0.86736363382493664
-1.4318907006572654
-2.8854024461573085
-3.1767906796389846
-5.7403608738112055
-10.929870696505928
-8.1080317515256066
-15.919344091115061
-10.929870696505921
-5.5617480426500903
-5.7403608738112055
-2.8854024461573085
-1.6870658457815004
-1.4318907006572654
-0.70679003574284316
-0.43859549808581222
-0.3479271121323792
-0.17100306973527274
-0.10939330139001241
-0.083963548676903171
-0.041199392665886764
-0.026841149465472728
-0.020206428770395163
-0.0099069889923514062
-0.0065329935576825694
-0.0048560559610002652
-0.0023798024200432158
-0.0015828949369897057
-0.0011660883486063604
-0.00057130581836630119
-0.00038244947994635857
-0.00027987393910193232
-0.00013709465939625368
-0.00012252258417233585
-0.00024839552353409888
-0.00031612609495334354
-0.0005030851899708624
-0.0010176999902710856
-0.0012731615361579645
-0.002055711738207172
-0.0041449137298480414
-0.0050677753824397015
-0.0083382177418645821
-0.016724430717045342
-0.019802634189043291
-0.033415534294328461
-0.066417059540274673
-0.074986204764520906
-0.1310575953605905
-0.25592112885895191
-0.26769687963855388
-0.49194114653514304
-0.92228079885095049
-0.84319608029954152
-1.6576615554268006
-2.7626829047580683
-1.9713047181323133
-4.00888372930212
-4.6198204051650276
-2.4223517880829655
-4.0088837293021147
-2.7626829047580683
-1.3627349809675311
-1.6576615554268006
-0.92228079885095049
-0.48600438869693818
-0.49194114653514365
-0.25592112885895213
-0.14312187946397445
-0.13105759536059061
-0.066417059540274645
-0.038733442412985222
-0.033415534294328461
-0.016724430717045342
-0.010046992506660741
-0.0083382177418645925
-0.0041449137298480414
-0.0025446604508922166
-0.0020557117382071712
-0.0010176999902710882
-0.00063516023913079206
-0.00050308518997086349
-0.00024839552353409915
-0.00015703367208613897
-0.00012252258417233582
-9.6919451946361667e-05
-0.00011616519180932179
-0.00019374975178409489
-0.00038626383584430254
-0.00045211019755212194
-0.00076754528194554581
-0.0015191487288986724
-0.0017244006862798178
-0.0029921520118373389
-0.0058579061007294547
-0.0063828649234342356
-0.011381316772134885
-0.021897905241203143
-0.02254857669479518
-0.041598648241560732
-0.077694326525937996
-0.073760958473851043
-0.14180188791644563
-0.25064451707009494
-0.21102013090960789
-0.42338246034637361
-0.67021318061892099
-0.4743973418652
-0.96748455275077672
-1.2316380091876136
-0.70951989016908268
-1.3406796444516198
-1.231638009187612
-0.61744523848551869
-0.96748455275077672
-0.67021318061892099
-0.32912337663553071
-0.42338246034637361
-0.25064451707009522
-0.12752962765114395
-0.14180188791644571
-0.077694326525938051
-0.041288258373612809
-0.041598648241560718
-0.021897905241203143
-0.01208468804267933
-0.011381316772134885
-0.0058579061007294608
-0.0033328320190808332
-0.0029921520118373389
-0.001519148728898672
-0.00088563209998385184
-0.00076754528194554776
-0.0003862638358443026
-0.00022964971233495137
-0.0001937497517840951
-9.6919451946361681e-05
-6.8313247332000768e-05
-0.00013387102503402025
-0.00014812950133954468
-0.00026103270576036998
-0.0005059743889484665
-0.00054066301197854504
-0.00097383596775782824
-0.0018583764331915353
-0.0018991334429324048
-0.0035096596720706297
-0.0065439509024654346
-0.0063092529693265197
-0.012008984261600752
-0.02160176115093175
-0.019278461052526417
-0.037883137712926861
-0.0643100637129842
-0.051783546902479625
-0.104693216377461
-0.16148196807005041
-0.11391476567828725
-0.23250167649022732
-0.30721516142027555
-0.18633166173806062
-0.36630793266129935
-0.38906748561856869
-0.20684119102818818
-0.36630793266129874
-0.30721516142027555
-0.15217659021034913
-0.23250167649022732
-0.16148196807005041
-0.079186134404020392
-0.10469321637746112
-0.064310063712984256
-0.032229514011713971
-0.037883137712926923
-0.021601761150931743
-0.011170560736451764
-0.012008984261600752
-0.0065439509024654346
-0.0034907142804025408
-0.0035096596720706336
-0.0018583764331915322
-0.0010190939097016369
-0.00097383596775782759
-0.00050597438894846758
-0.00028412936523958916
-0.00026103270576037046
-0.00013387102503402038
-7.6706917328650819e-05
-6.8313247332000795e-05
-4.3296017341989912e-05
-4.5698389280915061e-05
-8.2811722922225423e-05
-0.00015721528514003061
-0.00015994724891719579
-0.00029587565691031919
-0.00055114688977342115
-0.00053584773164829251
-0.0010142612761606302
-0.0018396974772239027
-0.0016901931249777358
-0.0032794889751293745
-0.0057250146994860598
-0.0048992678825222694
-0.0097438677453963677
-0.016080179823796788
-0.012596152164472433
-0.025559162377359407
-0.038816195824487011
-0.027331304107700592
-0.055801940320059425
-0.075164536269143531
-0.047005543759895234
-0.093887379918547509
-0.10775634565701649
-0.060187530378015219
-0.11290803809248035
-0.10775634565701633
-0.055365768011679937
-0.093887379918547509
-0.075164536269143531
-0.037054285382771925
-0.055801940320059425
-0.038816195824487094
-0.019022311722196615
-0.025559162377359432
-0.016080179823796788
-0.0079963195583263504
-0.009743867745396366
-0.0057250146994860598
-0.0029137363358601722
-0.0032794889751293745
-0.0018396974772239047
-0.00096011482283920333
-0.0010142612761606287
-0.00055114688977342104
-0.00029462463836683954
-0.00029587565691031989
-0.00015721528514003037
-8.5894630962920137e-05
-8.2811722922225504e-05
-4.3296017341989918e-05
-2.4934163098359199e-05
-4.6417785156575335e-05
-4.5366951672829279e-05
-8.5566965143614023e-05
-0.00015595834336317116
-0.00014578266768094087
-0.00028055447632068664
-0.00049705979137251201
-0.00044033963618068239
-0.00086513040885063865
-0.0014747668986291474
-0.0012246929345650077
-0.0024534349180514855
-0.0039663806468251007
-0.0030496686361184463
-0.0062006112972486883
-0.0093203179279951788
-0.0065549288470809642
-0.013385347498713845
-0.018241878733618641
-0.011638413821154898
-0.023427968541716644
-0.028170185819931019
-0.016322460265958162
-0.031541149107453183
-0.03276610237842089
-0.017497668717835348
-0.031541149107453127
-0.028170185819931019
-0.014230984467106002
-0.023427968541716644
-0.018241878733618641
-0.0089714956859215222
-0.013385347498713857
-0.0093203179279951788
-0.0045659987138145786
-0.0062006112972486883
-0.0039663806468250963
-0.0019635696611819136
-0.0024534349180514855
-0.0014747668986291474
-0.00074312979606155796
-0.00086513040885063952
-0.00049705979137251298
-0.00025562351884071645
-0.00028055447632068637
-0.00015595834336317143
-8.1870609340326271e-05
-8.5566965143614023e-05
-4.6417785156575376e-05
-2.4847518816538953e-05
-2.4934163098359158e-05
-1.3191516652427789e-05
-1.2472816697875169e-05
-2.3867704442383888e-05
-4.2672955402923957e-05
-3.8650182420713955e-05
-7.5268573335123665e-05
-0.00013072925772778549
-0.00011258658937578758
-0.00022308917931373136
-0.0003731043518210716
-0.00030295788884386143
-0.00060976305490453376
-0.00097055966125624991
-0.00073631118487255999
-0.0014989076566227113
-0.0022366227199064849
-0.0015717340517648871
-0.0032098350724084788
-0.0044089094579467854
-0.0028526449055263567
-0.0057674307159432635
-0.0071507619349016286
-0.0042578233720853165
-0.0083670651915712831
-0.0092077385077600632
-0.0050842841627069067
-0.0095087779684365475
-0.0092077385077600476
-0.004790407859706588
-0.0083670651915712831
-0.0071507619349016286
-0.0035783463374236689
-0.0057674307159432635
-0.0044089094579467906
-0.0021654252031657654
-0.003209835072408484
-0.0022366227199064849
-0.0010954985157027072
-0.0014989076566227109
-0.00097055966125624991
-0.0004791298685989674
-0.00060976305490453376
-0.00037310435182107208
-0.00018676491268418053
-0.00022308917931373098
-0.00013072925772778543
-6.6543052563307944e-05
-7.5268573335123855e-05
-4.2672955402923971e-05
-2.2106270607053883e-05
-2.3867704442383915e-05
-1.3191516652427767e-05
-6.479996774413697e-06
-1.1391345991365427e-05
-1.0055501702937701e-05
-1.9754033837900534e-05
-3.3736169487178012e-05
-2.8409428267623823e-05
-5.6633972218787943e-05
-9.3255607352322136e-05
-7.4419548215767128e-05
-0.00015026211141623672
-0.00023628641075655748
-0.00017745832697388511
-0.00036154067038389421
-0.00053653800276140268
-0.00037681720093062462
-0.00076959243988542056
-0.0010630521239566577
-0.00069497547104376814
-0.0014088565637520483
-0.0017848935615497788
-0.0010850617230339736
-0.0021543351508583296
-0.0024699434282644331
-0.0014019560169815164
-0.0026837108661399885
-0.0027594633444278801
-0.0014768635559663872
-0.0026837108661399893
-0.0024699434282644331
-0.0012643807103532572
-0.0021543351508583296
-0.0017848935615497788
-0.00088802712542757154
-0.0014088565637520498
-0.0010630521239566577
-0.00052168084268192755
-0.00076959243988542337
-0.00053653800276140236
-0.00026276315650999957
-0.00036154067038389421
-0.00023628641075655748
-0.00011642746748943956
-0.00015026211141623715
-9.3255607352322326e-05
-4.646652211142469e-05
-5.6633972218787909e-05
-3.3736169487178087e-05
-1.7045138778523396e-05
-1.9754033837900534e-05
-1.1391345991365439e-05
-5.8429296446030307e-06
-6.4799967744136995e-06
-2.984925443221564e-06
-2.5793752041815853e-06
-5.1006527659792918e-06
-8.5866011059811413e-06
-7.100344184607286e-06
-1.4217263696766078e-05
-2.311149749947935e-05
-1.8190636093634769e-05
-3.6812342206387853e-05
-5.7327563483157312e-05
-4.2717477303661145e-05
-8.7077425120821826e-05
-0.00012867911697307861
-9.0332328953396141e-05
-0.0001844977077231752
-0.00025593165562671149
-0.00016865237607253911
-0.000342494199532014
-0.00044089673175303813
-0.00027240182097209952
-0.00054449029556065116
-0.00064348233457607411
-0.000373569366145541
-0.00072621143065378882
-0.00078139711793611907
-0.00042890262039618196
-0.00080080089939182691
-0.00078139711793611777
-0.00040952425702201048
-0.00072621143065378882
-0.00064348233457607411
-0.00032592515193682957
-0.00054449029556065116
-0.00044089673175303873
-0.00021852776239198734
-0.000342494199532014
-0.00025593165562671192
-0.00012552632446982418
-0.00018449770772317517
-0.00012867911697307861
-6.3013654771909694e-05
-8.7077425120821826e-05
-5.7327563483157373e-05
-2.8210489054784672e-05
-3.6812342206387799e-05
-2.3111497499479346e-05
-1.1477571438019925e-05
-1.4217263696766111e-05
-8.5866011059811278e-06
-4.3144674036901561e-06
-5.1006527659792961e-06
-2.9849254432215653e-06
-1.3008650754048758e-06
-2.1630145990733492e-06
-1.7619166057779396e-06
-3.5397282372761789e-06
-5.6924224270749964e-06
-4.4304333851557603e-06
-8.9807907816510532e-06
-1.3875072811264672e-05
-1.0274043366968467e-05
-2.095140075502805e-05
-3.0856519065046503e-05
-2.1653520533753265e-05
-4.4227125246715995e-05
-6.1553843746466397e-05
-4.0818462479317851e-05
-8.29936877827937e-05
-0.00010815867744230766
-6.7694526959345266e-05
-0.00013593736092266663
-0.00016442798942863595
-9.7243118078667995e-05
-0.00019105942182247559
-0.00021293458758843406
-0.00011946853159949258
-0.00022735430182460188
-0.00023239376662193486
-0.00012454110767812584
-0.00022735430182460153
-0.00021293458758843406
-0.00010998088319271444
-0.00019105942182247559
-0.00016442798942863595
-8.2677945967827272e-05
-0.00013593736092266679
-0.00010815867744230766
-5.346877352265501e-05
-8.29936877827937e-05
-6.1553843746466383e-05
-3.0178611178695698e-05
-4.4227125246715995e-05
-3.0856519065046503e-05
-1.5109392302467728e-05
-2.095140075502807e-05
-1.3875072811264652e-05
-6.8213244228876796e-06
-8.9807907816510498e-06
-5.6924224270750099e-06
-2.8199722896285127e-06
-3.539728237276187e-06
-2.1630145990733518e-06
-1.0822727868942649e-06
-1.3008650754048785e-06
