4.4322922730709973e-08
9.7086265865475907e-08
2.3372405940925891e-07
5.1509388820700491e-07
1.0235848964322042e-06
1.8048318587941466e-06
2.7794081311327881e-06
3.6865625577737913e-06
4.1691051209469011e-06
4.001082881124406e-06
3.2637434434148186e-06
2.280085471822183e-06
1.3810532278768856e-06
7.3630027510976402e-07
3.5114630038557532e-07
1.5217348764066585e-07
6.079599834310523e-08
3.0417555245578888e-08
5.8928298069280333e-08
1.236681418026606e-07
3.2490178964802683e-07
7.882345406207831e-07
1.7376938446676818e-06
3.4182002554485547e-06
5.8844596055446931e-06
8.7000516669502724e-06
1.0874138585697839e-05
1.1376250991081074e-05
9.9407385010809562e-06
7.3004471779219521e-06
4.5658299671140474e-06
2.4751037003700332e-06
1.1857373232504277e-06
5.1161214897827416e-07
2.0227034750241279e-07
8.1408394440879521e-08
1.8688408342744504e-07
4.9050296718385588e-07
1.3187541447081626e-06
3.2563279417326383e-06
7.2407424426002944e-06
1.4172683313648561e-05
2.3830592353224011e-05
3.3630415134505319e-05
3.9121376775877994e-05
3.718869568617592e-05
2.8974073229223379e-05
1.8758732788023243e-05
1.0308547971221516e-05
4.926458227519606e-06
2.0968421262942513e-06
8.1198110503684253e-07
2.9126575897426778e-07
1.3289931572327207e-07
2.8277219610312098e-07
6.4834573036756399e-07
1.9243582933268352e-06
5.3180391481994448e-06
1.3417934001991182e-05
3.0159368544659387e-05
5.8652503754900302e-05
9.5618925917012175e-05
0.00012691449138708318
0.00013445539705127978
0.00011320345268308518
7.67081300535286e-05
4.2910708749238105e-05
2.0444653098892607e-05
8.5560859475168367e-06
3.231315180461657e-06
1.1258200955285556e-06
4.050396994025468e-07
8.2090961313701084e-07
2.4197594089415108e-06
7.4392578870883458e-06
2.1252290148357237e-05
5.50857183687478e-05
0.00012554735153087046
0.00024203295845165318
0.000378247628956431
0.00046170785777242731
0.00043177066883875759
0.00031142025877509946
0.00017847548428004701
8.4701613453868122e-05
3.4695517543068974e-05
1.2706600281104759e-05
4.2766307402081761e-06
1.3502683791482547e-06
5.6245595193529441e-07
1.0354025763054974e-06
2.6010022914578091e-06
8.7941148430729134e-06
2.8175289988994603e-05
8.3823140451263386e-05
0.00022488854831272239
0.00052214540434699177
0.00099410918882239085
0.0014616967632272852
0.0015832837971748966
0.0012494354409245626
0.00074134419347925888
0.00035000231976286628
0.00013939947589278456
4.9127640346874883e-05
1.5864499008244494e-05
4.8101191526761948e-06
1.5393600173965986e-06
2.6403621996863177e-06
8.7209044905612802e-06
3.081186101066702e-05
0.00010360428461965555
0.00032409028061592706
0.00090987774186911726
0.0021681264034926714
0.0040491560037676242
0.0054164055813479594
0.0049070088129923931
0.0030722289620782827
0.0014400065087219495
0.00055204312138016081
0.00018524738170783717
5.6917793199585438e-05
1.6476589985621921e-05
4.5761264136310405e-06
1.7453298341565434e-06
2.6653680572074485e-06
7.2577300966499884e-06
2.765645232097391e-05
0.00010250878555822867
0.00036444872701014796
0.0012133630564800215
0.0036232637803636663
0.0089749498297649576
0.016211294118249855
0.01844192529370035
0.012672144524943141
0.0058771780485370947
0.0021335987118368109
0.0006718772004177825
0.00019452519896955052
5.3467362374417333e-05
1.4207958353201199e-05
4.0945133644228136e-06
5.6777562372909131e-06
2.0497521207043891e-05
8.1253949988154591e-05
0.00031631157597820995
0.0011958032023848418
0.004294925690980755
0.013976712526446796
0.036878371550779131
0.062066698778732894
0.051648920348481564
0.023571210183140023
0.0078812729695228404
0.0022855711173288052
0.00061789912559020912
0.00016076725491099872
4.0884112462160668e-05
1.0246354257608584e-05
3.6512025824771973e-06
4.4497473062233535e-06
1.2738481135645125e-05
5.2420321602013157e-05
0.00021469362231485041
0.00087260011110705667
0.0034991176070106535
0.013657902709184629
0.049920567902197684
0.14759947301393159
0.20010011378306392
0.089891649485941652
0.026449211186416122
0.0069463852611401609
0.0017513155168859664
0.00043335870488553856
0.00010616410493926811
2.5853191003951562e-05
6.9753970854040479e-06
7.5443536440893943e-06
2.8251836148056529e-05
0.00011765015712032852
0.00048955494794269202
0.002034382201900727
0.0084322516017055413
0.034738226328901438
0.14011266994591856
0.38285633447313333
0.27158521341374781
0.07011228867618062
0.017135233494615109
0.0041436670849854546
0.00099818789242509475
0.00024002152093370775
5.7657030525650069e-05
1.3841669484136372e-05
4.7975999258636476e-06
4.566010502495938e-06
1.3106067677996699e-05
5.4156748794942014e-05
0.00022303588532791505
0.00091356072586135345
0.0037060709803705925
0.014743016805884921
0.055823417421205335
0.17717663589562202
0.25075356487889733
0.10354551871727037
0.028972265437007722
0.0074178454365460165
0.0018430101328208096
0.00045178678186128446
0.00010996108338658666
2.6650631449748339e-05
7.1653235886794638e-06
5.9860004472871446e-06
2.1754499638485233e-05
8.7004403711167749e-05
0.00034271571889416924
0.001316928501382302
0.0048426429748214296
0.016322152462962525
0.045268076489726583
0.07956468517511045
0.065080489617597284
0.028174884514834228
0.009027729329293608
0.0025439946507414459
0.00067448786706304981
0.00017308593133587923
4.3571053210946418e-05
1.0835143940562701e-05
3.841588859233024e-06
2.8714070519151437e-06
7.8734321825726094e-06
3.032150638460438e-05
0.00011390489707930103
0.00041205917752874295
0.0014035071877551198
0.0043175039513288008
0.011086718154593771
0.020696749428848183
0.023748256125376028
0.015938689726536986
0.0071268120721972141
0.0025025882749645481
0.00076775635363055417
0.0002179099668834722
5.8989679901786036e-05
1.5490296044987193e-05
4.4234889087638493e-06
2.9168664120598815e-06
9.7392375003942709e-06
3.4884780723440629e-05
0.0001192917522405523
0.00038095582591463214
0.001096400773377925
0.0026861818019021672
0.0051480366403803138
0.0069857788509980314
0.0062968602086514126
0.0038587390089992349
0.0017591545240205418
0.00065667867949600802
0.00021540160130375475
6.4958178820157463e-05
1.8520694787404427e-05
5.0804439868616652e-06
1.9215936939045057e-06
1.1625364257271843e-06
2.947231615104877e-06
1.009862421904636e-05
3.2868315358335228e-05
9.9602890299979856e-05
0.00027289009979725301
0.00064800244847310398
0.0012600672027149678
0.001880347625718663
0.0020434945593115587
0.0015972965507336234
0.00093021407898901656
0.00042948419748430072
0.00016734058114257924
5.7821096523124611e-05
1.8355928034863732e-05
5.485385305545377e-06
1.7348223641759371e-06
9.4149870013821847e-07
2.8092676357071649e-06
8.7630357581445996e-06
2.5447945331383105e-05
6.7161451293056286e-05
0.00015597951275897094
0.00030610667895131899
0.00048508599783282544
0.0005961423313564512
0.00055619791740641399
0.0003968904085673869
0.00022378522631020655
0.00010424536069183429
4.1914408112678077e-05
1.5087433909490984e-05
5.0000243822847599e-06
1.5573649913385867e-06
6.4258365885026534e-07
3.2800336861955745e-07
7.5922978976103521e-07
2.2836976763539639e-06
6.4043659598112754e-06
1.6415402403151302e-05
3.7498500284762577e-05
7.4056286608955167e-05
0.00012228515122890131
0.00016362533432922431
0.00017364480974070388
0.00014546357093227512
9.7519703264190317e-05
5.3775643239926112e-05
2.5215175384315992e-05
1.0384238317252787e-05
3.8623264380618138e-06
1.3269441593545311e-06
4.7165408857741624e-07
2.204842204770469e-07
5.855050923387111e-07
1.5951142640835118e-06
3.9940376835021692e-06
9.0078113558472508e-06
1.7871750464159168e-05
3.0403950748434994e-05
4.3270357573306702e-05
5.053159082063123e-05
4.7971975047520316e-05
3.7140863154722759e-05
2.3801059117873765e-05
1.291328472035021e-05
6.0855828940499561e-06
2.5538347656069828e-06
9.7556410098040721e-07
3.4551378634873887e-07
1.5620257002283981e-07
7.0052711457224543e-08
1.4831487804642225e-07
3.9435180960823163e-07
9.6874741149557788e-07
2.1627040441975462e-06
4.3059265301279579e-06
7.4925569729319474e-06
1.1170567492374852e-05
1.4032497064003358e-05
1.4695780424452385e-05
1.2801720324487784e-05
9.3377821020092024e-06
5.7838383022736516e-06
3.0994784333222903e-06
1.4665155727078938e-06
6.2483552954891426e-07
2.4402068524902232e-07
9.7126073187974669e-08
5.3324451839348456e-08
1.1804464787207795e-07
2.8745158427326434e-07
6.4083278357752071e-07
1.2876501429049988e-06
2.2933573061002331e-06
3.5609923116529184e-06
4.7502984113959315e-06
5.3859008244195422e-06
5.1643689817643465e-06
4.1949967378442725e-06
2.9100211060366501e-06
1.7463896650301811e-06
9.2121159025198179e-07
4.3436625223199973e-07
1.8608043307073137e-07
7.3507560557696118e-08
3.6476599933150083e-08
