6.9069058320697374e-310
4.640898742160358e-310
4.640898742160358e-310
4.640898742160358e-310
6.3659873743780139e-314
6.3659873743780139e-314
6.3659873743780139e-314
6.3659873743780139e-314
2.1219957924474693e-314
1.2731974746779765e-313
1.2731974748756028e-313
1.2731974748756028e-313
1.2731974748756028e-313
1.2731974748756028e-313
1.2731974748756028e-313
1.2731974748756028e-313
1.2731974748756028e-313
8.4879831668254831e-314
1.2731974747767896e-313
1.2731974748756028e-313
1.2731974748756028e-313
1.2731974748756028e-313
1.2731974748756028e-313
1.2731974748756028e-313
1.2731974748756028e-313
1.2731974748756028e-313
4.2439915848949385e-314
1.2731974746779765e-313
1.2731974748756028e-313
1.2731974748756028e-313
1.2731974748756028e-313
1.2731974748756028e-313
1.2731974748756028e-313
1.2731974748756028e-313
1.2731974748756028e-313
8.4879831668254831e-314
1.2731974747767896e-313
1.2731974748756028e-313
1.2731974748756028e-313
1.2731974748756028e-313
1.2731974748756028e-313
1.2731974748756028e-313
1.2731974748756028e-313
1.2731974748756028e-313
4.2439915848949385e-314
1.2731974746779765e-313
1.2731974748756028e-313
1.2731974748756028e-313
1.2731974748756028e-313
1.2731974748756028e-313
1.2731974748756028e-313
1.2731974748756028e-313
1.2731974748756028e-313
8.4879831668254831e-314
1.2731974747767896e-313
1.2731974748756028e-313
1.2731974748756028e-313
1.2731974748756028e-313
1.2731974748756028e-313
1.2731974748756028e-313
1.2731974748756028e-313
1.2731974748756028e-313
4.2439915848949385e-314
1.2731974746779765e-313
1.2731974748756028e-313
1.2731974748756028e-313
1.2731974748756028e-313
1.2731974748756028e-313
1.2731974748756028e-313
1.2731974748756028e-313
1.2731974748756028e-313
8.4879831668254831e-314
1.2731974747767896e-313
1.2731974748756028e-313
1.2731974748756028e-313
1.2731974748756028e-313
1.2731974748756028e-313
1.2731974748756028e-313
1.2731974748756028e-313
1.2731974748756028e-313
4.2439915848949385e-314
1.2731974746779765e-313
1.2731974748756028e-313
1.2731974748756028e-313
1.2731974748756028e-313
1.2731974748756028e-313
1.2731974748756028e-313
1.2731974748756028e-313
1.2731974748756028e-313
8.4879831668254831e-314
1.2731974747767896e-313
1.2731974748756028e-313
1.2731974748756028e-313
1.2731974748756028e-313
1.2731974748756028e-313
1.2731974748756028e-313
1.2731974748756028e-313
1.2731974748756028e-313
4.2439915848949385e-314
1.2731974746779765e-313
1.2731974748756028e-313
1.2731974748756028e-313
1.2731974748756028e-313
1.2731974748756028e-313
1.2731974748756028e-313
1.2731974748756028e-313
1.2731974748756028e-313
8.4879831668254831e-314
1.2731974747767896e-313
1.2731974748756028e-313
1.2731974748756028e-313
1.2731974748756028e-313
1.2731974748756028e-313
1.2731974748756028e-313
1.2731974748756028e-313
1.2731974748756028e-313
4.2439915848949385e-314
1.2731974746779765e-313
1.2731974748756028e-313
1.2731974748756028e-313
1.2731974748756028e-313
1.2731974748756028e-313
1.2731974748756028e-313
1.2731974748756028e-313
1.2731974748756028e-313
8.4879831668254831e-314
1.2731974747767896e-313
1.2731974748756028e-313
1.2731974748756028e-313
1.2731974748756028e-313
1.2731974748756028e-313
1.2731974748756028e-313
1.2731974748756028e-313
1.2731974748756028e-313
4.2439915848949385e-314
1.2731974746779765e-313
1.2731974748756028e-313
1.2731974748756028e-313
1.2731974748756028e-313
1.2731974748756028e-313
1.2731974748756028e-313
1.2731974748756028e-313
1.2731974748756028e-313
8.4879831668254831e-314
1.2731974747767896e-313
1.2731974748756028e-313
1.2731974748756028e-313
1.2731974748756028e-313
1.2731974748756028e-313
1.2731974748756028e-313
1.2731974748756028e-313
1.2731974748756028e-313
4.2439915848949385e-314
1.2731974746779765e-313
1.2731974748756028e-313
1.2731974748756028e-313
1.2731974748756028e-313
1.2731974748756028e-313
1.2731974748756028e-313
1.2731974748756028e-313
1.2731974748756028e-313
8.4879831668254831e-314
1.2731974747767896e-313
1.2731974748756028e-313
1.2731974748756028e-313
1.2731974748756028e-313
1.2731974748756028e-313
1.2731974748756028e-313
1.2731974748756028e-313
1.2731974748756028e-313
4.2439915848949385e-314
1.2731974746779765e-313
1.2731974748756028e-313
1.2731974748756028e-313
1.2731974748756028e-313
1.2731974748756028e-313
1.2731974748756028e-313
1.2731974748756028e-313
1.2731974748756028e-313
8.4879831668254831e-314
6.3659873738839482e-314
6.3659873743780139e-314
6.3659873743780139e-314
6.3659873743780139e-314
6.3659873743780139e-314
6.3659873743780139e-314
6.3659873743780139e-314
6.3659873743780139e-314
2.1219957924474693e-314
6.3659873738839482e-314
6.3659873743780139e-314
6.3659873743780139e-314
6.3659873743780139e-314
6.3659873743780139e-314
6.3659873743780139e-314
6.3659873743780139e-314
6.3659873743780139e-314
2.1219957924474693e-314
1.2731974746779765e-313
1.2731974748756028e-313
1.2731974748756028e-313
1.2731974748756028e-313
1.2731974748756028e-313
1.2731974748756028e-313
1.2731974748756028e-313
1.2731974748756028e-313
8.4879831668254831e-314
1.2731974747767896e-313
1.2731974748756028e-313
1.2731974748756028e-313
1.2731974748756028e-313
1.2731974748756028e-313
1.2731974748756028e-313
1.2731974748756028e-313
1.2731974748756028e-313
4.2439915848949385e-314
1.2731974746779765e-313
1.2731974748756028e-313
1.2731974748756028e-313
1.2731974748756028e-313
1.2731974748756028e-313
1.2731974748756028e-313
1.2731974748756028e-313
1.2731974748756028e-313
8.4879831668254831e-314
1.2731974747767896e-313
1.2731974748756028e-313
1.2731974748756028e-313
1.2731974748756028e-313
1.2731974748756028e-313
1.2731974748756028e-313
1.2731974748756028e-313
1.2731974748756028e-313
4.2439915848949385e-314
1.2731974746779765e-313
1.2731974748756028e-313
1.2731974748756028e-313
1.2731974748756028e-313
1.2731974748756028e-313
1.2731974748756028e-313
1.2731974748756028e-313
1.2731974748756028e-313
8.4879831668254831e-314
1.2731974747767896e-313
1.2731974748756028e-313
1.2731974748756028e-313
1.2731974748756028e-313
1.2731974748756028e-313
1.2731974748756028e-313
1.2731974748756028e-313
1.2731974748756028e-313
4.2439915848949385e-314
1.2731974746779765e-313
1.2731974748756028e-313
1.2731974748756028e-313
1.2731974748756028e-313
1.2731974748756028e-313
1.2731974748756028e-313
1.2731974748756028e-313
1.2731974748756028e-313
8.4879831668254831e-314
1.2731974747767896e-313
1.2731974748756028e-313
1.2731974748756028e-313
1.2731974748756028e-313
1.2731974748756028e-313
1.2731974748756028e-313
1.2731974748756028e-313
1.2731974748756028e-313
4.2439915848949385e-314
1.2731974746779765e-313
1.2731974748756028e-313
1.2731974748756028e-313
1.2731974748756028e-313
1.2731974748756028e-313
1.2731974748756028e-313
1.2731974748756028e-313
1.2731974748756028e-313
8.4879831668254831e-314
1.2731974747767896e-313
1.2731974748756028e-313
1.2731974748756028e-313
1.2731974748756028e-313
1.2731974748756028e-313
1.2731974748756028e-313
1.2731974748756028e-313
1.2731974748756028e-313
4.2439915848949385e-314
1.2731974746779765e-313
1.2731974748756028e-313
1.2731974748756028e-313
1.2731974748756028e-313
1.2731974748756028e-313
1.2731974748756028e-313
1.2731974748756028e-313
1.2731974748756028e-313
8.4879831668254831e-314
1.2731974747767896e-313
1.2731974748756028e-313
1.2731974748756028e-313
1.2731974748756028e-313
1.2731974748756028e-313
1.2731974748756028e-313
1.2731974748756028e-313
1.2731974748756028e-313
4.2439915848949385e-314
1.2731974746779765e-313
1.2731974748756028e-313
1.2731974748756028e-313
1.2731974748756028e-313
1.2731974748756028e-313
1.2731974748756028e-313
1.2731974748756028e-313
1.2731974748756028e-313
8.4879831668254831e-314
1.2731974747767896e-313
1.2731974748756028e-313
1.2731974748756028e-313
1.2731974748756028e-313
1.2731974748756028e-313
1.2731974748756028e-313
1.2731974748756028e-313
1.2731974748756028e-313
4.2439915848949385e-314
1.2731974746779765e-313
1.2731974748756028e-313
1.2731974748756028e-313
1.2731974748756028e-313
1.2731974748756028e-313
1.2731974748756028e-313
1.2731974748756028e-313
1.2731974748756028e-313
8.4879831668254831e-314
1.2731974747767896e-313
1.2731974748756028e-313
1.2731974748756028e-313
1.2731974748756028e-313
1.2731974748756028e-313
1.2731974748756028e-313
1.2731974748756028e-313
1.2731974748756028e-313
4.2439915848949385e-314
1.2731974746779765e-313
1.2731974748756028e-313
1.2731974748756028e-313
1.2731974748756028e-313
1.2731974748756028e-313
1.2731974748756028e-313
1.2731974748756028e-313
1.2731974748756028e-313
8.4879831668254831e-314
1.2731974747767896e-313
1.2731974748756028e-313
1.2731974748756028e-313
1.2731974748756028e-313
1.2731974748756028e-313
1.2731974748756028e-313
1.2731974748756028e-313
1.2731974748756028e-313
4.2439915848949385e-314
1.2731974746779765e-313
1.2731974748756028e-313
1.2731974748756028e-313
1.2731974748756028e-313
1.2731974748756028e-313
1.2731974748756028e-313
1.2731974748756028e-313
1.2731974748756028e-313
8.4879831668254831e-314
6.3659873738839482e-314
6.3659873743780139e-314
6.3659873743780139e-314
6.3659873743780139e-314
6.3659873743780139e-314
6.3659873743780139e-314
6.3659873743780139e-314
6.3659873743780139e-314
1.4821969375237396e-323
