91
93.333333333333329
93
94.666666666666671
96
89.333333333333329
92.666666666666671
95
91.333333333333329
92.333333333333329
87.333333333333329
88.666666666666671
91.333333333333329
88.333333333333329
89.333333333333329
88.333333333333329
94.666666666666671
93.333333333333329
97.333333333333329
99.666666666666671
96.666666666666671
89.666666666666671
92.333333333333329
92.666666666666671
87
85.666666666666671
84.333333333333329
83.333333333333329
85.333333333333329
76.666666666666671
82
82
84
79.666666666666671
87
89.666666666666671
95.666666666666671
87.666666666666671
88.333333333333329
88
109.33333333333333
101.66666666666667
100
99
102
103
101
102.33333333333333
99.666666666666671
102.33333333333333
102.33333333333333
96.333333333333329
100
102.66666666666667
103
97.333333333333329
101.33333333333333
101
98.333333333333329
106.33333333333333
105.33333333333333
101.66666666666667
102
100
100.33333333333333
100.33333333333333
100
99.333333333333329
96.333333333333329
97
97.666666666666671
101.66666666666667
99.666666666666671
98.333333333333329
104
102.66666666666667
103.66666666666667
105.66666666666667
108
102
104.33333333333333
112
105
104.33333333333333
100
102.66666666666667
109.66666666666667
102
96.333333333333329
103.66666666666667
99.666666666666671
99.333333333333329
97.666666666666671
101
101.66666666666667
109
99.333333333333329
103.33333333333333
104
103.33333333333333
103.33333333333333
102.33333333333333
103
103
105.33333333333333
108
103.33333333333333
105.33333333333333
99
101
103.33333333333333
99
104
106.66666666666667
111.66666666666667
107
112
111
109.66666666666667
105.33333333333333
113.66666666666667
111.66666666666667
112.33333333333333
110.33333333333333
115.33333333333333
113.33333333333333
114
110.33333333333333
108.66666666666667
107.33333333333333
105.33333333333333
104.33333333333333
103.33333333333333
105
113
106
107.33333333333333
111.33333333333333
114.33333333333333
112
113
107.66666666666667
106.33333333333333
109.66666666666667
108
115.66666666666667
114.33333333333333
112
108.33333333333333
112.33333333333333
106.66666666666667
106
111
119.33333333333333
118
120.33333333333333
121
111.33333333333333
116.33333333333333
110.66666666666667
117.33333333333333
117
107.33333333333333
114.66666666666667
114.33333333333333
120
115.33333333333333
119
120.33333333333333
117.33333333333333
117.33333333333333
112.66666666666667
112.66666666666667
113.33333333333333
116.33333333333333
113.66666666666667
116.33333333333333
116.33333333333333
116.66666666666667
114.66666666666667
121.66666666666667
122.66666666666667
115
113.66666666666667
117.33333333333333
122.33333333333333
118.33333333333333
117.33333333333333
110
111
111.33333333333333
118
115.33333333333333
120.33333333333333
121
120.33333333333333
118
120.33333333333333
127
116.66666666666667
131.33333333333334
121
115.33333333333333
118.66666666666667
121
124.33333333333333
118.66666666666667
115.33333333333333
118.66666666666667
122.66666666666667
119.66666666666667
116.66666666666667
117.66666666666667
116.66666666666667
120.66666666666667
119
121.33333333333333
119
101.66666666666667
92.333333333333329
91.666666666666671
100.66666666666667
109.66666666666667
116.33333333333333
120.33333333333333
115.33333333333333
122
112.66666666666667
109.33333333333333
121.33333333333333
122
118.66666666666667
118
123
126
129.33333333333334
118.66666666666667
121.33333333333333
129.33333333333334
122.66666666666667
128.33333333333334
120.66666666666667
129.33333333333334
122.33333333333333
120
121.33333333333333
122.33333333333333
122.33333333333333
124.33333333333333
125.33333333333333
128.66666666666666
123
121.33333333333333
125.66666666666667
124
121
83.666666666666671
66.333333333333329
55
54.333333333333336
44
38.666666666666664
47.333333333333336
84.333333333333329
119.33333333333333
124.66666666666667
126
119.33333333333333
121.66666666666667
124.66666666666667
122.66666666666667
128
125.33333333333333
127.33333333333333
128
128.66666666666666
123.33333333333333
126.33333333333333
129
128.33333333333334
131
128.66666666666666
124.33333333333333
132.66666666666666
133.66666666666666
133.33333333333334
128.33333333333334
132.33333333333334
129.66666666666666
129.33333333333334
127.66666666666667
127
130
131.33333333333334
135
84
76.333333333333329
84
75
63.333333333333336
50.333333333333336
43.666666666666664
31.666666666666668
28.333333333333332
57.333333333333336
121.33333333333333
127.33333333333333
126.66666666666667
118
124
125.33333333333333
128.33333333333334
134.66666666666666
136
129.33333333333334
131.66666666666666
127.66666666666667
133
134
129.66666666666666
123.66666666666667
133
139.33333333333334
143
139
131.33333333333334
133.66666666666666
127.66666666666667
137.66666666666666
138.33333333333334
134.33333333333334
132
136
141.66666666666666
103
101
139
154.66666666666666
136.33333333333334
110.66666666666667
71.666666666666671
47.333333333333336
35.666666666666664
28.666666666666668
26.333333333333332
81.666666666666671
127
133
138.66666666666666
129.66666666666666
133.33333333333334
134.33333333333334
136.66666666666666
136.66666666666666
139.66666666666666
133.33333333333334
134.66666666666666
128
141.33333333333334
128.66666666666666
125.33333333333333
133
136
135.66666666666666
141
143
136.33333333333334
139.66666666666666
143.66666666666666
136.33333333333334
138.66666666666666
142
142.66666666666666
128.66666666666666
82.333333333333329
153.33333333333334
179
169.66666666666666
168.66666666666666
150.66666666666666
107.66666666666667
61
41.666666666666664
30.333333333333332
21.333333333333332
23.333333333333332
116
136.33333333333334
132
139.33333333333334
140
144.33333333333334
137.66666666666666
140.33333333333334
145.66666666666666
135.33333333333334
129.33333333333334
135
134.66666666666666
136
140.66666666666666
142.33333333333334
138.66666666666666
140.33333333333334
155.66666666666666
149.66666666666666
151.33333333333334
148
145.33333333333334
144.33333333333334
147.66666666666666
137.66666666666666
147.66666666666666
93
94.666666666666671
160.33333333333334
168
176.66666666666666
164.66666666666666
151
116.33333333333333
87
49.666666666666664
30.666666666666668
40.666666666666664
24.666666666666668
88
122.66666666666667
126.33333333333333
130.66666666666666
139.33333333333334
137.33333333333334
142.66666666666666
142.33333333333334
149.66666666666666
144.66666666666666
141
138.33333333333334
149.66666666666666
140
123.66666666666667
130.33333333333334
134.66666666666666
122.66666666666667
150
152.33333333333334
147.33333333333334
156
146.33333333333334
148
154.33333333333334
146.66666666666666
131
51.333333333333336
108.33333333333333
154
163.33333333333334
162
166.33333333333334
145
128.33333333333334
112
80
34.333333333333336
27.666666666666668
24
42
96.666666666666671
103.66666666666667
108
125.33333333333333
127
143.33333333333334
149.66666666666666
143.33333333333334
145.33333333333334
142.66666666666666
136.33333333333334
150.66666666666666
140
98
102.66666666666667
109
108.66666666666667
120.66666666666667
126.66666666666667
116.66666666666667
130.33333333333334
144.33333333333334
159.66666666666666
159.33333333333334
162
113.66666666666667
45.666666666666664
116.33333333333333
147.33333333333334
159.33333333333334
158
133.66666666666666
123.33333333333333
126.66666666666667
110
76.666666666666671
34.666666666666664
32.666666666666664
30
25.666666666666668
78.666666666666671
87.333333333333329
99.666666666666671
109.33333333333333
111.33333333333333
132
145
146.33333333333334
158.66666666666666
136
123.66666666666667
126.66666666666667
110.33333333333333
76.333333333333329
87.333333333333329
99
99.666666666666671
102.66666666666667
95.333333333333329
95
97.666666666666671
111
140
159.66666666666666
147.66666666666666
90
69.666666666666671
83
100
105
136
89.666666666666671
109.33333333333333
79.666666666666671
72
83.666666666666671
43.333333333333336
33
32.333333333333336
27.666666666666668
69
72
93.666666666666671
102.33333333333333
92.666666666666671
116.33333333333333
151
145.66666666666666
153.33333333333334
139.66666666666666
127.66666666666667
131.33333333333334
114.66666666666667
71.333333333333329
91.333333333333329
95
98.333333333333329
102
98.333333333333329
84.333333333333329
91
96.666666666666671
129.66666666666666
111.66666666666667
116.66666666666667
85
43.333333333333336
117.66666666666667
138.66666666666666
136
141.33333333333334
123.66666666666667
137
132.33333333333334
137
96.666666666666671
38
33.333333333333336
50
26.666666666666668
62.666666666666664
76.666666666666671
85
85.666666666666671
85
100
150
143.66666666666666
143.66666666666666
135.33333333333334
119.66666666666667
126.33333333333333
118.33333333333333
82
84
87
96.666666666666671
82
82.666666666666671
78.666666666666671
76.333333333333329
76.666666666666671
80
84.333333333333329
82.333333333333329
72.666666666666671
41.666666666666664
124.33333333333333
168.66666666666666
157.66666666666666
151.66666666666666
143
168.66666666666666
171.33333333333334
129.66666666666666
80.666666666666671
40.333333333333336
39.333333333333336
48
28.333333333333332
88
87
89.666666666666671
88.333333333333329
79.333333333333329
87
127.66666666666667
139.66666666666666
131
129.33333333333334
125.66666666666667
124.33333333333333
108.66666666666667
81.333333333333329
64.333333333333329
75.666666666666671
82
87.333333333333329
88.666666666666671
80.333333333333329
72.333333333333329
72.666666666666671
77.333333333333329
72
63.333333333333336
52
44.666666666666664
102.66666666666667
155.66666666666666
151
154.66666666666666
123
157.33333333333334
146.33333333333334
111.66666666666667
66
59
34.666666666666664
23.666666666666668
53
48.666666666666664
89
90.666666666666671
90
95
104.33333333333333
119
118.33333333333333
113.66666666666667
102
110.33333333333333
108
93.666666666666671
66.666666666666671
67
71.666666666666671
71.333333333333329
76.333333333333329
76.666666666666671
81.333333333333329
73.666666666666671
74
76
72.666666666666671
56.333333333333336
43.666666666666664
39.333333333333336
85
134
146
92.333333333333329
102
144
125
92.333333333333329
63.666666666666664
27.333333333333332
51.666666666666664
33
28
59.666666666666664
57
68
68
70.666666666666671
80.333333333333329
80
82.333333333333329
96.333333333333329
82.666666666666671
80.666666666666671
79.333333333333329
96
67.666666666666671
68.666666666666671
73.666666666666671
74.333333333333329
72
77.666666666666671
73.333333333333329
76.333333333333329
76
70
69
60.666666666666664
45
70
68.333333333333329
115
133.66666666666666
118
96.333333333333329
112
121
93
54.333333333333336
57.666666666666664
29.333333333333332
32
74
72
60.666666666666664
74
77
74.333333333333329
73.666666666666671
77.333333333333329
84.333333333333329
92.333333333333329
89
78.666666666666671
76.333333333333329
100.66666666666667
59.333333333333336
64.666666666666671
78.666666666666671
77.333333333333329
84.333333333333329
83
67.666666666666671
72
64.333333333333329
74.333333333333329
66.333333333333329
70.333333333333329
54.666666666666664
40
34.333333333333336
88.666666666666671
142.66666666666666
128.33333333333334
119.66666666666667
115.66666666666667
100
66.666666666666671
54.333333333333336
34.333333333333336
28
22
48
51.666666666666664
64
69
74
74.666666666666671
79
77
77.333333333333329
72
87
88.333333333333329
80.666666666666671
88
66.333333333333329
67
63.666666666666664
69.666666666666671
74.333333333333329
75
71.333333333333329
69.666666666666671
81.333333333333329
79.333333333333329
82.333333333333329
88
61.666666666666664
43.666666666666664
41.666666666666664
45.666666666666664
97
153
125.33333333333333
93
67.333333333333329
57.666666666666664
42
32.666666666666664
25.333333333333332
38
29.333333333333332
44
71
79
87.666666666666671
75.333333333333329
75.333333333333329
82.333333333333329
77.333333333333329
80.333333333333329
77.666666666666671
82.666666666666671
83
82
58
60.666666666666664
57.333333333333336
61.666666666666664
74.333333333333329
75.666666666666671
72.333333333333329
73.666666666666671
77
83.333333333333329
91.333333333333329
94.333333333333329
64
49.333333333333336
54.666666666666664
36.666666666666664
41
83.333333333333329
76.666666666666671
56.333333333333336
52.666666666666664
60.666666666666664
65.333333333333329
33.666666666666664
51.666666666666664
28.666666666666668
37.666666666666664
64
71.333333333333329
73.666666666666671
70
74
65
72.666666666666671
71.666666666666671
74.333333333333329
80
91.666666666666671
86.666666666666671
84
56
61.666666666666664
58.666666666666664
71.666666666666671
76
80.333333333333329
81.333333333333329
92
95.666666666666671
94.666666666666671
109.33333333333333
101.33333333333333
83.666666666666671
49.666666666666664
38.666666666666664
35
33.333333333333336
60.666666666666664
89
73
73.333333333333329
65
69.333333333333329
59
33
30.333333333333332
36.333333333333336
26.333333333333332
52.666666666666664
73.333333333333329
79
76.666666666666671
77.666666666666671
66.666666666666671
78.333333333333329
74.333333333333329
79.333333333333329
79.666666666666671
88.666666666666671
89.666666666666671
63.666666666666664
64
68
64
68.333333333333329
83
89.666666666666671
87.333333333333329
90.333333333333329
96
95
89.333333333333329
69.333333333333329
51.666666666666664
37.333333333333336
38
67
45.333333333333336
122
105.33333333333333
96.666666666666671
88.666666666666671
108.33333333333333
75.333333333333329
42
37.333333333333336
36
35
46.666666666666664
69.333333333333329
78.333333333333329
84.666666666666671
92.666666666666671
89.666666666666671
96
99.333333333333329
97.666666666666671
93
88
93.333333333333329
70.666666666666671
85
85
83.333333333333329
90.666666666666671
92.333333333333329
78.333333333333329
75
71.666666666666671
66.666666666666671
73
58.666666666666664
57.666666666666664
76
58
51
82.666666666666671
108
126
134.66666666666666
134
127.66666666666667
129.66666666666666
105
49.666666666666664
46.333333333333336
77.333333333333329
49
32.666666666666664
37.333333333333336
47.666666666666664
59.666666666666664
63
69.333333333333329
111
98.666666666666671
96
104.66666666666667
86
85
73
81.666666666666671
84.666666666666671
85.333333333333329
83.666666666666671
82
71.333333333333329
83.333333333333329
58.666666666666664
51.333333333333336
65
69.333333333333329
31
35
55.666666666666664
76.666666666666671
122.33333333333333
159
162.33333333333334
153.66666666666666
154.33333333333334
154.66666666666666
148
127
76.333333333333329
66.666666666666671
63
45
38.333333333333336
45.333333333333336
72
91.333333333333329
109
115.66666666666667
112
95
97
92
96.333333333333329
83
75.666666666666671
81.333333333333329
66.666666666666671
82.333333333333329
85
77.666666666666671
90.333333333333329
80.666666666666671
51.333333333333336
54.333333333333336
50
70.666666666666671
35
40.666666666666664
67.666666666666671
126.33333333333333
166.33333333333334
173.33333333333334
176.66666666666666
160.66666666666666
167.33333333333334
176
156
132.66666666666666
73
62.666666666666664
56.666666666666664
37.666666666666664
42
43
47.666666666666664
63
112.66666666666667
118
105.66666666666667
96.333333333333329
99.666666666666671
102.66666666666667
89.333333333333329
88
81
86.666666666666671
76.666666666666671
85.666666666666671
92.333333333333329
88.333333333333329
101.33333333333333
84.666666666666671
65.666666666666671
69
60
52.666666666666664
44.333333333333336
55.333333333333336
94
165
177.66666666666666
184.33333333333334
176.66666666666666
170
176.66666666666666
167
161
125
70.666666666666671
56
57.666666666666664
43.333333333333336
60.666666666666664
52.333333333333336
49.333333333333336
62.666666666666664
83
100.33333333333333
104.33333333333333
95
108.66666666666667
107.33333333333333
118
91
80
69
76.333333333333329
94.666666666666671
102.33333333333333
101.33333333333333
102.33333333333333
86
75.666666666666671
70.333333333333329
37
38
37.666666666666664
88.666666666666671
126
166.33333333333334
178.33333333333334
179.66666666666666
182.66666666666666
178.66666666666666
178.66666666666666
170
160.66666666666666
119.66666666666667
76.333333333333329
62.333333333333336
61.333333333333336
83.666666666666671
88
86
57.333333333333336
30.333333333333332
59.333333333333336
85.666666666666671
99.333333333333329
116.66666666666667
119
126.33333333333333
130
114.66666666666667
76.666666666666671
79.666666666666671
82
80.333333333333329
68.666666666666671
77.333333333333329
98
92
85.666666666666671
55.333333333333336
51.666666666666664
39
52.333333333333336
127.33333333333333
162.33333333333334
178
180
180.66666666666666
194
197.33333333333334
180
180.66666666666666
159.33333333333334
116.66666666666667
84
72.333333333333329
105.66666666666667
113
93.333333333333329
82
56.666666666666664
77
36.666666666666664
39.333333333333336
58.666666666666664
79.666666666666671
78.333333333333329
109
114
114
84.666666666666671
80
77.666666666666671
76.666666666666671
87.666666666666671
77.333333333333329
86.666666666666671
86.333333333333329
91
34
40
35.333333333333336
57.333333333333336
127.33333333333333
170.66666666666666
181.66666666666666
169.33333333333334
185.33333333333334
190.33333333333334
187.33333333333334
183.33333333333334
191
165.66666666666666
124
88.333333333333329
99
83.333333333333329
54.333333333333336
40.333333333333336
30.666666666666668
36
26.666666666666668
62.666666666666664
33.666666666666664
66.666666666666671
73.333333333333329
73
90
116.66666666666667
117
66.333333333333329
81.333333333333329
94.666666666666671
89.333333333333329
98.333333333333329
103.33333333333333
105
96
81
46.333333333333336
37.666666666666664
39.666666666666664
62.333333333333336
85.666666666666671
106.66666666666667
142.66666666666666
156.33333333333334
177
188.66666666666666
192
182
179.33333333333334
120.66666666666667
91
59.666666666666664
61.666666666666664
35.666666666666664
70
22.666666666666668
33.333333333333336
33.666666666666664
33.333333333333336
43
62
58
71.333333333333329
86.666666666666671
88.666666666666671
103.66666666666667
94.333333333333329
65.333333333333329
83.333333333333329
95
104.33333333333333
84.333333333333329
96.333333333333329
82.666666666666671
67
64.666666666666671
67
79
58
87.333333333333329
73
78
75.666666666666671
93.333333333333329
108
119
132
121.66666666666667
102
72.333333333333329
62.666666666666664
46.666666666666664
61
44
66.333333333333329
55.333333333333336
41.666666666666664
30.333333333333332
31.333333333333332
31.666666666666668
34.666666666666664
75.666666666666671
73.333333333333329
77
77
88.666666666666671
78.666666666666671
51.666666666666664
62.333333333333336
77
88.666666666666671
92.333333333333329
96.666666666666671
93.666666666666671
66.666666666666671
52.333333333333336
52.333333333333336
39.666666666666664
65.333333333333329
58
60.666666666666664
74
86
92
84.333333333333329
89
74.333333333333329
77.333333333333329
70.333333333333329
57.666666666666664
46
36.333333333333336
48
61
82.666666666666671
56.333333333333336
57.666666666666664
54.333333333333336
43.666666666666664
37.666666666666664
64
47.333333333333336
71
66
77.666666666666671
94.666666666666671
90.666666666666671
67
58.333333333333336
72
93.666666666666671
86.333333333333329
77.333333333333329
77.666666666666671
61
70
60
44.666666666666664
67.666666666666671
52.666666666666664
55.333333333333336
63.666666666666664
69.666666666666671
88.333333333333329
82.333333333333329
68
68.333333333333329
67
51.333333333333336
28
26.666666666666668
40.333333333333336
45.333333333333336
58.333333333333336
61.666666666666664
62.666666666666664
66.333333333333329
54.333333333333336
53.333333333333336
55.666666666666664
30.666666666666668
46
75
86.333333333333329
81
68
82
62
71.666666666666671
100
115.66666666666667
106.66666666666667
99.333333333333329
79.333333333333329
46.333333333333336
65
52
46.666666666666664
57.333333333333336
51
47.333333333333336
44.333333333333336
56.666666666666664
61.333333333333336
76.333333333333329
68.666666666666671
73
52.333333333333336
54.666666666666664
31.666666666666668
31.333333333333332
39
48.666666666666664
42.666666666666664
59.666666666666664
70
65.333333333333329
58
41.666666666666664
30.666666666666668
33
53.333333333333336
56.666666666666664
59
75
67.333333333333329
79.333333333333329
75.666666666666671
91
110.33333333333333
108.66666666666667
110.66666666666667
124
64.333333333333329
50.666666666666664
60
79.333333333333329
60.333333333333336
39.666666666666664
57.666666666666664
39
54
52.333333333333336
54.333333333333336
58.333333333333336
61.666666666666664
65
48.666666666666664
33.666666666666664
30.333333333333332
42.333333333333336
30
68.333333333333329
44.333333333333336
64.666666666666671
63
50.333333333333336
40.333333333333336
49
35.666666666666664
47.333333333333336
52.666666666666664
60.666666666666664
61.666666666666664
78.333333333333329
91.666666666666671
90.333333333333329
87.666666666666671
95.666666666666671
97
101
101.33333333333333
87.666666666666671
69.333333333333329
59.333333333333336
66.333333333333329
66
74.666666666666671
53.333333333333336
49.333333333333336
46.333333333333336
52
51.333333333333336
45.333333333333336
75
57
45.333333333333336
38.666666666666664
35.666666666666664
32
46
30.666666666666668
44
61
48.666666666666664
51.666666666666664
38
32
31
40.333333333333336
30.666666666666668
73.666666666666671
54.666666666666664
67.333333333333329
78.666666666666671
79
78.333333333333329
70.333333333333329
69
82.333333333333329
85.333333333333329
55
60.333333333333336
52
66.666666666666671
64.333333333333329
48.666666666666664
57.333333333333336
42.666666666666664
40.666666666666664
39.666666666666664
39.333333333333336
37.666666666666664
46.333333333333336
56.333333333333336
50.333333333333336
52.333333333333336
43
51.333333333333336
46.333333333333336
43.333333333333336
41.333333333333336
37
51.666666666666664
36.333333333333336
25
26.666666666666668
51
32.666666666666664
42
50
68.333333333333329
52
49
67.333333333333329
61
87.666666666666671
69
70.333333333333329
75.666666666666671
59.333333333333336
46.666666666666664
57.666666666666664
56
59
55
53
51
48.333333333333336
49.333333333333336
39.333333333333336
48
41.666666666666664
53.333333333333336
52.333333333333336
46.666666666666664
48.333333333333336
40
39.333333333333336
31.333333333333332
34.333333333333336
48.333333333333336
41.666666666666664
35.333333333333336
23
34.333333333333336
36
35.666666666666664
38
32.333333333333336
60.333333333333336
66
45.333333333333336
66.333333333333329
66
75.666666666666671
75.333333333333329
