252.66666666666666
253
253.33333333333334
253.33333333333334
252
251
249.33333333333334
249
248.33333333333334
250.33333333333334
252
252.33333333333334
251
250.33333333333334
248.33333333333334
246
251.33333333333334
252.66666666666666
253
249.66666666666666
249
253
254.66666666666666
254
253.66666666666666
252.66666666666666
251.33333333333334
250.66666666666666
250.33333333333334
251.33333333333334
251
250
254.33333333333334
254
253.66666666666666
253.66666666666666
254.33333333333334
254.66666666666666
254
253.33333333333334
252.33333333333334
253
253.66666666666666
254.33333333333334
252
251
250.66666666666666
251
240.66666666666666
254
254.66666666666666
249.33333333333334
246
252.33333333333334
251.33333333333334
248.66666666666666
249.33333333333334
250.66666666666666
250.66666666666666
250.33333333333334
250
242.33333333333334
240.33333333333334
248.33333333333334
242.66666666666666
246.33333333333334
251
253.66666666666666
254.66666666666666
254.33333333333334
251.33333333333334
248.33333333333334
254
254
254.33333333333334
254.33333333333334
255
254.66666666666666
253.33333333333334
252.33333333333334
252.33333333333334
253.33333333333334
254.66666666666666
253
250.66666666666666
251
251.33333333333334
252.33333333333334
253.33333333333334
246
246.33333333333334
252.33333333333334
251.33333333333334
248.33333333333334
244
249
230.33333333333334
186
141.33333333333334
125.66666666666667
121.33333333333333
119.66666666666667
130.33333333333334
147
186.66666666666666
197.66666666666666
214
229.66666666666666
242.33333333333334
247.66666666666666
249
248.66666666666666
254
254
254.33333333333334
254.66666666666666
255
253.33333333333334
253.33333333333334
252.33333333333334
252.33333333333334
253.66666666666666
253.66666666666666
250.33333333333334
249.33333333333334
251
252.33333333333334
251.66666666666666
244.33333333333334
253.33333333333334
252.33333333333334
246.66666666666666
243.33333333333334
240
200
145.66666666666666
104.33333333333333
96.666666666666671
105
138.33333333333334
178.33333333333334
206
221.66666666666666
231.66666666666666
220.33333333333334
223.33333333333334
227.66666666666666
233
238.33333333333334
242
244.66666666666666
245.33333333333334
252.33333333333334
253.33333333333334
254
254.33333333333334
253.33333333333334
252.33333333333334
252.33333333333334
252.33333333333334
252.66666666666666
254.33333333333334
252.33333333333334
248.66666666666666
248
251.66666666666666
252.33333333333334
251.66666666666666
251.66666666666666
247.33333333333334
246.66666666666666
243
213.66666666666666
134
84.666666666666671
81.333333333333329
98
148
206.33333333333334
237.66666666666666
242.66666666666666
244.33333333333334
245.33333333333334
244.66666666666666
247.66666666666666
249
250
250
248
248.33333333333334
248.66666666666666
248
251.66666666666666
252.33333333333334
253.33333333333334
251.66666666666666
249.66666666666666
249
249.66666666666666
252.33333333333334
253.33333333333334
254.66666666666666
251
247.66666666666666
248.66666666666666
252.66666666666666
252.66666666666666
251
250.33333333333334
253
239.66666666666666
171.66666666666666
96
69.333333333333329
86
108.33333333333333
205.33333333333334
233.66666666666666
248
247.33333333333334
242.66666666666666
248.33333333333334
251.66666666666666
250.33333333333334
242.66666666666666
245.66666666666666
248.33333333333334
251.33333333333334
252.66666666666666
253
252.33333333333334
251.66666666666666
249.66666666666666
250.66666666666666
250.66666666666666
248.66666666666666
244.33333333333334
244.66666666666666
248.66666666666666
253.33333333333334
253.33333333333334
253.33333333333334
250
248.33333333333334
250
255
252.66666666666666
251.33333333333334
252.66666666666666
215
152.66666666666666
105.66666666666667
69.666666666666671
72.666666666666671
143.66666666666666
225.66666666666666
252
252.66666666666666
251.66666666666666
247.66666666666666
249.66666666666666
252.33333333333334
251
246.66666666666666
248.66666666666666
249.66666666666666
251.66666666666666
251.66666666666666
252
251.33333333333334
249.66666666666666
249
249
249.66666666666666
248.33333333333334
243.66666666666666
238.66666666666666
240
247
254
253.33333333333334
252.33333333333334
250.66666666666666
250
252.66666666666666
254.33333333333334
252.66666666666666
253
237.33333333333334
166.66666666666666
87.666666666666671
64.666666666666671
90.333333333333329
149.33333333333334
213.66666666666666
248.33333333333334
250.66666666666666
251
252.33333333333334
253.33333333333334
251
246.66666666666666
247.66666666666666
249.33333333333334
250
251
251
251
251.66666666666666
252.33333333333334
253
253.33333333333334
248.33333333333334
248.33333333333334
247
241.33333333333334
236.66666666666666
238.33333333333334
247
254
252.33333333333334
249.33333333333334
251.33333333333334
241.33333333333334
254.66666666666666
246.66666666666666
250.66666666666666
248.66666666666666
155.33333333333334
90
95.666666666666671
71.333333333333329
120.66666666666667
234
243
252
254
254.33333333333334
254.33333333333334
253
251.33333333333334
250.33333333333334
250
251
247.66666666666666
253.33333333333334
253.66666666666666
253
251.66666666666666
254
253.66666666666666
247
244.66666666666666
239
231.33333333333334
228
236.66666666666666
249.33333333333334
253
250.33333333333334
250.66666666666666
250
250.66666666666666
253
252
250
246.33333333333334
195.33333333333334
95.666666666666671
71.333333333333329
90.666666666666671
105
204.66666666666666
245.33333333333334
251.33333333333334
247
253.66666666666666
253.33333333333334
252.33333333333334
250.33333333333334
250
250
250.66666666666666
251
253
252.33333333333334
251.33333333333334
250.33333333333334
249.66666666666666
248.33333333333334
245.66666666666666
243
248
233.66666666666666
219.33333333333334
227
242.66666666666666
250.33333333333334
253
254.66666666666666
250.33333333333334
250
247.66666666666666
254
248.33333333333334
251.66666666666666
226
121.33333333333333
77
85.666666666666671
84.333333333333329
155.33333333333334
242.33333333333334
251
249.66666666666666
246.33333333333334
252.33333333333334
251.66666666666666
250
249.66666666666666
248.33333333333334
248
248.66666666666666
250
251.33333333333334
250
249.33333333333334
249.33333333333334
247.33333333333334
242.66666666666666
243.33333333333334
246
240
217.66666666666666
211
231.66666666666666
251.33333333333334
252.66666666666666
252
254.66666666666666
250.33333333333334
248.66666666666666
250.66666666666666
253.33333333333334
248.66666666666666
247.33333333333334
172.33333333333334
81.666666666666671
90.666666666666671
103.66666666666667
99
216.33333333333334
245.66666666666666
252.66666666666666
241.33333333333334
247
252.66666666666666
252
251.33333333333334
250.66666666666666
250
250
250.33333333333334
252
249.33333333333334
252
252.66666666666666
251.33333333333334
246.66666666666666
244
244.66666666666666
245
204.33333333333334
205.66666666666666
219.33333333333334
243.33333333333334
251.33333333333334
252.66666666666666
253.33333333333334
252
252.33333333333334
246.66666666666666
253.66666666666666
253
249.33333333333334
232
111
82
90.333333333333329
89
147.33333333333334
246
249
253
241.33333333333334
248
252.33333333333334
252.33333333333334
252.33333333333334
252.66666666666666
253.33333333333334
253.33333333333334
254
254
251
254.66666666666666
253.66666666666666
249.33333333333334
247.33333333333334
243.33333333333334
228.33333333333334
204.33333333333334
187.33333333333334
214.66666666666666
241.33333333333334
249.66666666666666
251.33333333333334
253.33333333333334
254.33333333333334
251.33333333333334
254
247.66666666666666
253.33333333333334
252.66666666666666
246
189.66666666666666
78.666666666666671
93.666666666666671
98
86.666666666666671
205
252
252.33333333333334
250
247
242.66666666666666
253.66666666666666
253.66666666666666
254
254.66666666666666
255
254
254
254
254.33333333333334
253.33333333333334
246.66666666666666
243.66666666666666
241.33333333333334
228
195
158.66666666666666
208
238.66666666666666
248.66666666666666
250
246.33333333333334
252.66666666666666
254.33333333333334
254.66666666666666
254
251.66666666666666
252
254
237.33333333333334
139.33333333333334
84.333333333333329
95.333333333333329
104.33333333333333
118
229
247.66666666666666
250.66666666666666
242.66666666666666
240.33333333333334
231.66666666666666
254.33333333333334
254.33333333333334
254.66666666666666
253.66666666666666
252.66666666666666
252.33333333333334
252.33333333333334
252.66666666666666
254.33333333333334
250.66666666666666
244
239
221.33333333333334
191
172
174.66666666666666
238
247.66666666666666
249.33333333333334
250.66666666666666
248.33333333333334
252
254.66666666666666
254.66666666666666
253.33333333333334
253
249.33333333333334
254
226.66666666666666
105
102.66666666666667
91.666666666666671
86.666666666666671
147
229.33333333333334
250.33333333333334
251.33333333333334
250.66666666666666
232.66666666666666
224.33333333333334
253.66666666666666
253
252.66666666666666
251.33333333333334
250.66666666666666
250.33333333333334
250.33333333333334
251.33333333333334
253
247
246.66666666666666
236.33333333333334
194
147
168
211
247.33333333333334
247
246.66666666666666
250.66666666666666
252
253.33333333333334
253
252.33333333333334
253.66666666666666
246
252.33333333333334
245.66666666666666
215.33333333333334
97.333333333333329
101.66666666666667
95.666666666666671
97
136.66666666666666
243
251.33333333333334
244.33333333333334
236.66666666666666
236
234.33333333333334
236.33333333333334
240.66666666666666
242.66666666666666
245
247.66666666666666
247.33333333333334
247
246
239.33333333333334
238.33333333333334
216.66666666666666
160.66666666666666
143.66666666666666
185
226
242.33333333333334
252
243.66666666666666
252.66666666666666
253.33333333333334
247.33333333333334
249
255
254.33333333333334
249.66666666666666
247.66666666666666
253
244.66666666666666
202
95.333333333333329
98.333333333333329
95.333333333333329
101
133
241.33333333333334
250.66666666666666
253
250.33333333333334
249.66666666666666
251.66666666666666
245
244.33333333333334
243.33333333333334
246
251.33333333333334
253
252.66666666666666
248.33333333333334
240.66666666666666
211.33333333333334
170.33333333333334
150.33333333333334
172.33333333333334
215.66666666666666
241
249
252.66666666666666
246
253.33333333333334
253.66666666666666
248.33333333333334
251.33333333333334
255
249
241
247.66666666666666
252.66666666666666
244.33333333333334
187.66666666666666
96
100.66666666666667
102.33333333333333
106.66666666666667
127.66666666666667
237.66666666666666
241.33333333333334
253.33333333333334
251.66666666666666
250.66666666666666
251.33333333333334
250
254.66666666666666
252
246
246
252
247
230
201.66666666666666
165
143
167.66666666666666
215.33333333333334
244.33333333333334
252.66666666666666
252.66666666666666
251
251
253.66666666666666
253.66666666666666
249
253.66666666666666
253.66666666666666
241
238
245.33333333333334
252
245.66666666666666
183.33333333333334
104.33333333333333
105.66666666666667
109
108.33333333333333
122.66666666666667
236
239
252.33333333333334
252.66666666666666
250.66666666666666
252.33333333333334
250.33333333333334
252
250.33333333333334
249
251.33333333333334
247.66666666666666
220.33333333333334
193.66666666666666
146.33333333333334
146.66666666666666
170.66666666666666
215.33333333333334
246.66666666666666
250.33333333333334
251
249.33333333333334
250
255
254.33333333333334
252.33333333333334
251
253.33333333333334
250
234
241.66666666666666
247.66666666666666
253.33333333333334
247.66666666666666
191.66666666666666
114
112
110.66666666666667
105.66666666666667
118.66666666666667
233.66666666666666
239.33333333333334
252.33333333333334
253.33333333333334
246.33333333333334
252.33333333333334
248.33333333333334
248.66666666666666
247.66666666666666
250.66666666666666
242.33333333333334
220.66666666666666
184.66666666666666
149.66666666666666
142.66666666666666
177.33333333333334
221.66666666666666
248.66666666666666
249.66666666666666
249.66666666666666
247.66666666666666
246
251
254.66666666666666
255
250.33333333333334
252.66666666666666
252.66666666666666
242
230.66666666666666
248.66666666666666
251.33333333333334
251
249
204.66666666666666
117.33333333333333
115
108.66666666666667
102.66666666666667
114.33333333333333
204.66666666666666
240
248.66666666666666
245.33333333333334
240.66666666666666
242.33333333333334
245.33333333333334
250.33333333333334
248.66666666666666
227
194
163.33333333333334
146.66666666666666
143.66666666666666
197.66666666666666
227
251
250.33333333333334
247.33333333333334
248.33333333333334
248.66666666666666
245.33333333333334
252
254.66666666666666
254.33333333333334
251.33333333333334
253.33333333333334
245
232.33333333333334
232.66666666666666
251
240
246
247.33333333333334
216.66666666666666
114.33333333333333
111.66666666666667
100
103
109.33333333333333
164
240.33333333333334
251.66666666666666
251.66666666666666
249
246.66666666666666
238.33333333333334
233.66666666666666
217
185.33333333333334
144.66666666666666
127
153
193.33333333333334
237.66666666666666
250.33333333333334
251.33333333333334
249
249.33333333333334
251.33333333333334
248.66666666666666
245
253
254.66666666666666
252.66666666666666
252.33333333333334
252.66666666666666
237.66666666666666
224
237
246
227.66666666666666
238.66666666666666
243.66666666666666
222.33333333333334
111
109
93.333333333333329
105.66666666666667
107.33333333333333
135.66666666666666
238.66666666666666
251
253.66666666666666
252.66666666666666
250.33333333333334
225.66666666666666
190.66666666666666
149.66666666666666
132.66666666666666
135.66666666666666
156.66666666666666
202
242
245.33333333333334
248
250.66666666666666
254
251.33333333333334
250.33333333333334
249
249.66666666666666
254.66666666666666
254.66666666666666
251.66666666666666
253
252
232.33333333333334
219
240.33333333333334
231.33333333333334
182.66666666666666
244.33333333333334
226.33333333333334
234.66666666666666
156
114
105.33333333333333
108.33333333333333
103.66666666666667
126.33333333333333
188.33333333333334
248.66666666666666
247
234.33333333333334
228.33333333333334
161.66666666666666
144.33333333333334
129.33333333333334
138.33333333333334
175.33333333333334
218
239
245.33333333333334
249.33333333333334
253.66666666666666
250
244
242
246.66666666666666
252.66666666666666
250
254.66666666666666
249.66666666666666
252.33333333333334
252.66666666666666
245.66666666666666
222.66666666666666
224
242.33333333333334
193.66666666666666
154.33333333333334
221
249.66666666666666
243
181.66666666666666
115
112.66666666666667
114.66666666666667
106.66666666666667
109
150
203.33333333333334
208.33333333333334
178
150
132
139.66666666666666
157.66666666666666
186
221.66666666666666
245.33333333333334
247.66666666666666
247
250.66666666666666
249.66666666666666
245
243.66666666666666
245
251.33333333333334
250.33333333333334
247
248
247.66666666666666
252.66666666666666
251.33333333333334
234.33333333333334
217.66666666666666
226
248
175
142
175
241
254
230
145.33333333333334
119.66666666666667
109
122.66666666666667
126.66666666666667
122.33333333333333
128.33333333333334
130.66666666666666
126.66666666666667
126.66666666666667
143.66666666666666
178
216
242.66666666666666
250.33333333333334
248
250
253
250.33333333333334
249
248.33333333333334
250.33333333333334
253.66666666666666
253.66666666666666
251.33333333333334
249.33333333333334
246.66666666666666
250.33333333333334
250.33333333333334
239.66666666666666
222.66666666666666
216
232
249
157.66666666666666
132.66666666666666
133.33333333333334
181.33333333333334
198
226
160.66666666666666
121
122.66666666666667
122.66666666666667
115.33333333333333
116.33333333333333
129.66666666666666
139.33333333333334
135.66666666666666
135.66666666666666
203
222.66666666666666
246.33333333333334
254.33333333333334
249.33333333333334
248.66666666666666
251
249
247.33333333333334
250
254
252.66666666666666
251.33333333333334
251.66666666666666
253.33333333333334
251.33333333333334
247.33333333333334
247.33333333333334
239.33333333333334
224
216
224.66666666666666
241.33333333333334
251
151
137.66666666666666
135
142.33333333333334
141.33333333333334
161
145.33333333333334
132
121.66666666666667
129.66666666666666
131.33333333333334
128
130.33333333333334
144.33333333333334
180.66666666666666
216.33333333333334
241.33333333333334
243.33333333333334
244
248
253.33333333333334
252
251.33333333333334
241.33333333333334
246.66666666666666
250.66666666666666
249
246.33333333333334
247.33333333333334
251.66666666666666
248.33333333333334
244
244.33333333333334
235.33333333333334
217.66666666666666
208.33333333333334
220
239.66666666666666
250.33333333333334
249.66666666666666
180.66666666666666
147.33333333333334
136
139.33333333333334
134.33333333333334
129
130.66666666666666
132.33333333333334
139.66666666666666
129.33333333333334
125
152
192
203.66666666666666
194.66666666666666
193.33333333333334
219
234.66666666666666
247.66666666666666
252
252.66666666666666
252
251
249.66666666666666
251.33333333333334
250.33333333333334
249
248.33333333333334
249.33333333333334
250.66666666666666
247
243.66666666666666
228
214.66666666666666
202
206.66666666666666
229.33333333333334
249
252
249.66666666666666
215.66666666666666
170.66666666666666
135
140
133.66666666666666
130.66666666666666
129
127
128
168.33333333333334
201
215
213.66666666666666
182.33333333333334
143
124
163
194
228.33333333333334
240.33333333333334
240.33333333333334
243.66666666666666
251.66666666666666
253
251.66666666666666
248
244.33333333333334
244.33333333333334
243
242
236.33333333333334
232
206
202.33333333333334
206.66666666666666
222.33333333333334
241.66666666666666
250.33333333333334
252.66666666666666
251.33333333333334
241.33333333333334
220.66666666666666
177.66666666666666
164.66666666666666
134
152.33333333333334
166
176.66666666666666
211
232.66666666666666
227
183.33333333333334
149.66666666666666
131.66666666666666
120
116.66666666666667
129
140.66666666666666
161.66666666666666
192.66666666666666
227.33333333333334
250.66666666666666
250.33333333333334
244.33333333333334
246.66666666666666
242.66666666666666
238
231.66666666666666
227.66666666666666
221.33333333333334
211.33333333333334
203.33333333333334
195.33333333333334
202
221
241
247.33333333333334
249.66666666666666
248.66666666666666
252
252
248
243
239
239
243
247.33333333333334
250.66666666666666
250.33333333333334
232.66666666666666
192.66666666666666
150.33333333333334
131.33333333333334
131
130.33333333333334
123
132
130
129.33333333333334
133.33333333333334
141.66666666666666
154.33333333333334
168
177.66666666666666
183
186
187.33333333333334
185
181.33333333333334
181.66666666666666
188.33333333333334
194.66666666666666
216
230
246.33333333333334
254.33333333333334
252.33333333333334
250.33333333333334
253
255
254
253
250.33333333333334
249.33333333333334
250
251
252.33333333333334
253
238
247.33333333333334
239.33333333333334
201.33333333333334
155
130.33333333333334
124
123.66666666666667
124.33333333333333
126.66666666666667
131
136.33333333333334
142
148
152.66666666666666
156
168
173
177.33333333333334
179.66666666666666
182.66666666666666
189.33333333333334
200.66666666666666
210.33333333333334
236
244
253.33333333333334
254.33333333333334
253.33333333333334
250.33333333333334
253
255
254.33333333333334
254.33333333333334
253.66666666666666
253.66666666666666
254.33333333333334
254.33333333333334
255
254.33333333333334
247.66666666666666
250.33333333333334
246
234.33333333333334
207.33333333333334
180.33333333333334
153.66666666666666
135
135.33333333333334
137.33333333333334
142
147.66666666666666
153
156.33333333333334
160
161.66666666666666
161.66666666666666
168.33333333333334
177
184.66666666666666
194.66666666666666
208
222
232.66666666666666
252
253.66666666666666
254.33333333333334
254.33333333333334
253.33333333333334
252.33333333333334
254
255
253
253.66666666666666
253.33333333333334
253.33333333333334
253.66666666666666
254.33333333333334
255
254.33333333333334
255
252
242.66666666666666
240.66666666666666
242.66666666666666
236
211.33333333333334
182.33333333333334
164.33333333333334
160.33333333333334
155.66666666666666
152
153
158
164
168.33333333333334
179.33333333333334
187.33333333333334
197.66666666666666
208.66666666666666
220
231.66666666666666
243.33333333333334
247.33333333333334
253
252
251.33333333333334
252.33333333333334
253.33333333333334
254.33333333333334
255
255
253.66666666666666
253
252.66666666666666
252.66666666666666
252.66666666666666
253
254
254.66666666666666
252.66666666666666
253.33333333333334
252.66666666666666
249.66666666666666
249
246.66666666666666
243
239.33333333333334
217
210.33333333333334
199.33333333333334
190.66666666666666
185.33333333333334
185.66666666666666
189.66666666666666
193.66666666666666
212
218.66666666666666
228
237.33333333333334
245
249
251
251.33333333333334
252
251
250.33333333333334
252.33333333333334
254.33333333333334
254.33333333333334
255
254
255
254.33333333333334
253.66666666666666
252
252
253.33333333333334
254.33333333333334
254.66666666666666
252.66666666666666
254.33333333333334
254.33333333333334
254
249.66666666666666
247
250
251
243.33333333333334
243.33333333333334
242.66666666666666
240.66666666666666
239
238.33333333333334
239
239.66666666666666
239.33333333333334
243.33333333333334
249
251
252
253.33333333333334
253.66666666666666
253.33333333333334
253.66666666666666
253.66666666666666
254.33333333333334
254.33333333333334
254.33333333333334
254.33333333333334
255
253
254.66666666666666
255
254.33333333333334
253.33333333333334
252.66666666666666
252.66666666666666
253.66666666666666
255
254.66666666666666
254.33333333333334
252
252.66666666666666
254.33333333333334
254.66666666666666
252
247.66666666666666
243.66666666666666
245.66666666666666
248.33333333333334
249.66666666666666
249
249.66666666666666
249.66666666666666
250.33333333333334
251
251.33333333333334
252.66666666666666
253.66666666666666
254.33333333333334
255
254
252.66666666666666
253.66666666666666
253.66666666666666
254.33333333333334
254.33333333333334
254.33333333333334
254.33333333333334
255
255
254.33333333333334
254.66666666666666
255
253.66666666666666
252.66666666666666
252
252.66666666666666
254.33333333333334
254.66666666666666
253
253.66666666666666
254.33333333333334
254.33333333333334
254.33333333333334
254.66666666666666
254.66666666666666
253.66666666666666
253.66666666666666
253.66666666666666
253.33333333333334
253.33333333333334
253.33333333333334
252.66666666666666
253.33333333333334
253.33333333333334
253.66666666666666
253.33333333333334
253
254.33333333333334
254.66666666666666
254.66666666666666
254.66666666666666
251
252
252.33333333333334
251.33333333333334
250.33333333333334
251.33333333333334
255
255
